	Sample_1	Sample_2	Sample_3	Sample_4	Sample_5	Sample_6	Sample_7	Sample_8	Sample_9	Sample_10	Sample_11	Sample_12	Sample_13	Sample_14	Sample_15	Sample_16	Sample_17	Sample_18
cell line	control	control	CERT	CERT	Sec14L1	Sec14L1	control	control	CERT	CERT	Sec14L1	Sec14L1	control	control	CERT	CERT	Sec14L1	Sec14L1
tet	minus	plus	minus	plus	minus	plus	minus	plus	minus	plus	minus	plus	minus	plus	minus	plus	minus	plus
LPG O-14:0	0	0	0	0	0	0	0	0	0	0	0	0	0	0	0	0	0	0
LPG O-16:1	0	0	0	0	0	0	0	0	0	0	0	0	0	0	0	0	0,000131765	0
LPG O-16:0	0	0	0	0	0	0	0	0	0	0	0	0	0	0	0	0	0	0
LPG O-18:2	0	0	0,000261114	0	0	0	0	0	0	0	0	0	0	0	0,000392071	0	0,000565531	0
LPG O-18:1	0	0	0	0	0	0	0	0	0	0	0	0	0	0	0	0	0,000174633	0
LPG O-18:0	0	0	0	0	0	0	0	0	0	0	0	0	0	0	0	0	0	0
LPG O-20:4	0	0	0	0	0	0	0	0	0	0	0	0	0	0	0	0	0	0
LPG 16:1	0	0	0	0	0	0	0	0	0	0	0	0	0	0	0	0	0	0
LPG 16:0	0,000207506	0,000140764	0,000226499	0,000311353	0,000194442	0,000185893	0,000182735	0,000110386	0	0	0	0,000297239	0,00020383	0,000179127	0,000234467	0,000479665	0,000234753	0,000498946
LPG 18:2	0	0	0	0	0	0	0	0	0	0	0	0	0	0	0	0	0	0
LPG 18:1	0,000727329	0,000922616	0,000716163	0,000862667	0,000669573	0,000591493	0,00037162	0,0002979	0,000138326	0,000160297	0,000167028	0,000262646	0,000222049	0	0	0,000177655	0,000104415	0,00023378
LPG 18:0	0	0	0	0	0	0	0	0	0	0	0	0	0	0	0	0	0,000127541	0
LPG 20:3	0	0	0	0	0	0	0	0	0	0	0	0	0	0	0	0	0	0
LPG 22:6	0,000571116	0,000578322	0,000585573	0,000276078	0,000791237	0,000728856	0,000532595	0,000753426	0,000538136	0,000637288	0,000364149	0,000659801	0,000583895	0,00061088	0,000106262	0	0	0,000349835
LPG 22:5	0	0	0	0	0	0	0	0	0	0	0	0	0	0	0	0	0	0
LPI O-14:0	0	0	0	0	0	0	0	0	0	0	0,000301767	0	0	0	0	0	0,000714215	0
LPI O-18:1	0	0	0	0	0	0	0	0	0	0	0	0	0	0	0	0	0	0
LPI O-18:0	0	0	0,00011731	0	0	0	0	0	0	0	0	0	0	0	0	0	0	0
LPI 16:0	0,007790505	0,005352569	0,006707153	0,009196434	0,006310069	0,008133239	0,007549483	0,004039893	0,00433964	0,00338438	0,001845465	0,004690288	0,003156127	0,002559003	0,00111907	0,014254061	0,005665324	0,012000843
LPI 18:1	0,013162501	0,01304686	0,01314515	0,018112159	0,011711271	0,015726057	0,012568034	0,012187155	0,009404368	0,006737363	0,006755745	0,011569146	0,009253499	0,007683643	0,005504737	0,030710802	0,017473326	0,02659567
LPI 18:0	0,105411074	0,055098264	0,075062524	0,08876926	0,080389307	0,070351555	0,113352668	0,043044685	0,051991887	0,048950647	0,047966785	0,055995197	0,048385223	0,037888819	0,035394878	0,083819232	0,064726083	0,078603507
LPI 20:4	0,000953653	0,001430158	0,001583313	0,004698373	0,002663653	0,00693274	0,000993901	0,005587232	0,002775087	0,00121612	0,001119702	0,007345455	0,002553755	0,002089568	0,000534112	0,01938714	0,010417643	0,021506667
LPS 18:1	0,003266473	0,006360592	0,005945717	0,011085221	0,00627034	0,011366237	0,006244434	0,011521925	0,008231981	0,005964379	0,006434512	0,018915666	0,015785011	0,00792097	0,011638251	0,026729375	0,020546094	0,029104738
LPS 18:0	0,005045481	0,008102041	0,008042787	0,014179533	0,008397813	0,012753618	0,007929216	0,013550614	0,009785912	0,007237033	0,007843229	0,018797536	0,015066573	0,00999788	0,013632123	0,032133592	0,025563851	0,035863042
LPS 20:4	0	0	0	0,000336711	0,000286992	0,000213039	0,000162714	0,000286751	0,000313755	0	0,000195051	0,000855556	0,001058428	0	0,000122399	0,001784404	0,001551844	0,001798043
LPS 22:5	0	0	0	0,000128937	0	0,000498249	0	0,000595791	0	0	0	0,003207405	0,001514433	0,000199903	0	0,001726587	0,001247441	0,004238684
LPA 16:1	0,000174253	0,000220445	0,0002811	0,000321592	0,00022799	0,000156204	0,000247918	0,000206255	0,000297786	0,000358468	0,000237472	0,000440366	0,000411982	0,000348243	0,000392298	0,000907989	0,000724898	0,000507411
LPA 16:0	0,001163036	0,001263774	0,001536969	0,002818939	0,001756162	0,00205857	0,001461503	0,001773744	0,001801454	0,00230635	0,001686247	0,002989265	0,002348951	0,00216366	0,001954637	0,00397157	0,002894712	0,003086203
LPA 18:2	0	0	0	0,000126081	0	0	0	0	0	0	0	0,000241694	0,000106372	0	0,000128639	0,000404802	0,000119028	0,000248127
LPA 18:1	0,000525829	0,002836444	0,001066981	0,003807915	0,00105946	0,002320397	0,002554539	0,005121839	0,004968111	0,005707479	0,002311075	0,007630264	0,004190999	0,003794931	0,004861595	0,015054076	0,00599256	0,007627791
LPA 18:0	0,001057622	0,000728803	0,00269841	0,00326602	0,00148278	0,001241655	0,001202303	0,001163948	0,001904492	0,001922289	0,001417557	0,001966875	0,00218895	0,001856003	0,003767117	0,004115373	0,003715296	0,002789734
LPC O-16:3	0	0	0	0,000177582	0	0,000116721	0	0,000118494	0	0	0	0	0	0	0	0,000174373	0	0,000161692
LPC O-16:2	0	0	0	0	0	0	0	0	0	0	0	0	0	0	0	0	0	0
LPC O-16:1	0,006487424	0,00426876	0,007351123	0,008141375	0,008117221	0,008246213	0,00425975	0,0036855	0,005646023	0,007158064	0,006069048	0,004792377	0,00742671	0,008146537	0,00580803	0,006447356	0,005024988	0,006979202
LPC O-16:0	0	0	0	0	0	0	0	0	0	0	0	0	0	0	0	0	0	0
LPC O-18:3	0	0	0	0,000227376	0,000251964	0,000195736	0,000125184	0	0	0	0,00015051	0	0	0	0	0	0,000307119	0,000389281
LPC O-18:2	0,002793535	0,003773112	0,004478033	0,006950917	0,00658175	0,005867105	0,003024133	0,003721977	0,00525952	0,006413807	0,006982167	0,005355497	0,002992135	0,003944042	0,001681523	0,002491593	0,001895322	0,003067549
LPC O-18:1	0,00461858	0,004448291	0,005848274	0,008828732	0,006106216	0,006393705	0,003644199	0,004243374	0,005113495	0,007863633	0,007286725	0,005020191	0,004908983	0,005481876	0,004007451	0,00430576	0,002068355	0,003226851
LPC O-20:4	0	0	0,00010674	0	0,000131904	0,000326673	0	0	0,000480036	0	0,00050385	0,000314787	0	0	0,00081489	0,00033839	0,000204296	0
LPC O-20:3	0,000197492	0	0,00022294	0,000410063	0,000623968	0,000578157	0,000324186	0,000229763	0,000372242	0,000448224	0,000992664	0,000840146	0,000141702	0,000376341	0,000448598	0	0,000445723	0,000107426
LPC O-22:5	0	0	0	0	0	0	0	0	0,00013358	0	0	0	0	0,000202328	0,000126868	0	0	0,000107747
LPC O-22:4	0,000242039	0	0,00015235	0	0,000286546	0,000444264	0	0	0,000405122	0	0,000280387	0	0,00011376	0	0,000165138	0,000455713	0,000793244	0
LPC 14:0	0,001920796	0	0,000920419	0,001772921	0,002617398	0,001601565	0,003444179	0,000581271	0,002126828	0,005337304	0,004312219	0,001833483	0,002386767	0,00401937	0,000502507	0,001101252	0,000867934	0,001387749
LPC 16:1	0,005076384	0,003517472	0,007496758	0,009413385	0,009220125	0,009398639	0,006578612	0,00772128	0,008793469	0,009299513	0,009835626	0,00999115	0,010446449	0,009699825	0,012394095	0,013277444	0,01004899	0,013690462
LPC 16:0	0,028859654	0,034881196	0,0389246	0,045028515	0,04103815	0,042841061	0,033276665	0,034974063	0,040441025	0,043445508	0,04389348	0,044914465	0,042229177	0,04215144	0,053548917	0,056650187	0,057682804	0,053297486
LPC 18:2	0,001570644	0,001139225	0,001725936	0,002781961	0,004463062	0,003383102	0,002610735	0,002483123	0,00341325	0,005252245	0,004687515	0,004680974	0,005048767	0,005375102	0,006876341	0,007071183	0,00422868	0,006864676
LPC 18:1	0,015555379	0,018474193	0,020391708	0,026566429	0,022980148	0,025213785	0,01849977	0,022150958	0,02318875	0,026853785	0,024757049	0,027826042	0,023760592	0,024008996	0,03043837	0,033908513	0,033205959	0,032668138
LPC 18:0	0,016742343	0,015646634	0,017543261	0,020225167	0,019439227	0,017123416	0,017964808	0,016850342	0,017452705	0,020964745	0,020605789	0,017989679	0,017740445	0,016320012	0,017728206	0,018888365	0,018928912	0,015256864
LPC 20:4	0,004712113	0,0050797	0,010399579	0,013693602	0,014127203	0,013957515	0,011269837	0,01475746	0,019893294	0,019764396	0,019529902	0,02050105	0,018459221	0,017920323	0,034026003	0,034315939	0,032911719	0,033483235
LPC 22:4	0	0	0	0,000134044	0,000112467	0,000137497	0	0,000159114	0	0	0	0	0,000168703	0,0001181	0,000150511	0	0	0
LPE O-14:1	0,000166723	0	0,000224564	0,000326985	0,000253798	0	0,000135785	0	0	0	0	0,000175788	0,000396616	0,000175756	0,000135087	0,000278683	0,000530203	0,000187675
LPE O-14:0	0	0	0	0	0	0	0	0	0	0	0	0	0	0	0	0	0	0
LPE O-16:2	0	0	0	0	0,000187387	0	0,000143945	0,000193305	0,000110523	0,000156683	0,000138761	0	0,000113932	0	0	0	0	0
LPE O-16:1	0,005208517	0,00611494	0,006595874	0,00739608	0,005906377	0,006551505	0,006317401	0,005183781	0,00571338	0,006041819	0,005808372	0,007129226	0,005055514	0,005116282	0,005839056	0,008163701	0,006337906	0,007898171
LPE O-16:0	0	0	0	0	0	0	0	0	0	0	0	0	0	0	0	0	0	0
LPE O-18:2	0,002015985	0,001283277	0,002236066	0,002324871	0,002161774	0,002479562	0,002476635	0,001583276	0,003039503	0,004368725	0,005390521	0,004650782	0,001208104	0,001141005	0,000970139	0,001623889	0,000741588	0,001087338
LPE O-18:1	0,003861319	0,00396638	0,005270449	0,005974039	0,005217928	0,004896325	0,004198742	0,003088869	0,00459407	0,005388658	0,004261531	0,004791543	0,00295244	0,003914848	0,002697237	0,003885063	0,002580981	0,003872513
LPE O-18:0	0	0	0	0	0	0	0	0	0	0	0	0	0	0	0	0	0	0
LPE O-20:2	0	0	0	0	0	0	0	0	0	0,001030894	0,001750182	0,000822768	0	0	0	0	0	0
LPE O-20:1	0,001789591	0,001668357	0,002384922	0,00315614	0,002805074	0,002429297	0,000855568	0,000972154	0,001299417	0,002975325	0,001553071	0,001287356	0,001327618	0,00176109	0,001065711	0,000891346	0,000521964	0,000806328
LPE 16:1	0,002059225	0,003997051	0,004333044	0,004959101	0,003503116	0,003883803	0,003384287	0,004814074	0,004881602	0,003309625	0,003560806	0,00709842	0,004841213	0,003175103	0,006203164	0,005265356	0,005009716	0,006043669
LPE 16:0	0,006197206	0,007678439	0,010015006	0,013333288	0,011044761	0,010769599	0,009075295	0,009878169	0,010690761	0,012868507	0,011719131	0,012491281	0,011012018	0,010100592	0,015394392	0,017868314	0,015400261	0,016068105
LPE 18:2	0,001144815	0,001333287	0,001932357	0,003025091	0,003357841	0,002777031	0,002331863	0,002601462	0,003460223	0,003755744	0,003718512	0,004150042	0,004004172	0,003826854	0,004991631	0,005097473	0,005738346	0,006453866
LPE 18:1	0,016385851	0,022974956	0,03044756	0,036316062	0,032887044	0,034526085	0,02406004	0,028448887	0,032224971	0,034891861	0,035133193	0,039288776	0,032772999	0,030932366	0,046540974	0,050072661	0,048917239	0,052214574
LPE 18:0	0,009425644	0,010188722	0,011644562	0,014766519	0,012674718	0,013820452	0,01208734	0,012039215	0,012787388	0,015254184	0,015735672	0,017506712	0,011543897	0,011600856	0,014888577	0,020001085	0,018363033	0,020526209
LPE 20:5	0,011921799	0,015468263	0,023904796	0,025510148	0,024523873	0,023240599	0,015449584	0,015953298	0,019666628	0,018158846	0,019065069	0,018488319	0,02474851	0,022091093	0,033650973	0,033584126	0,036686011	0,02911022
LPE 20:4	0,040765993	0,053691304	0,083818045	0,093957095	0,097654576	0,09052076	0,071854674	0,080960154	0,103487957	0,099339573	0,102522196	0,106552906	0,118216719	0,109827771	0,191173083	0,172800738	0,177830404	0,171697876
LPE 20:3	0,005234994	0,002651765	0,004538192	0,005241578	0,005015471	0,005453212	0,003037382	0,002916621	0,007254839	0,004942868	0,007249635	0,005417619	0,007440369	0,006231825	0,006004828	0,009653671	0,014495713	0,007056184
LPE 20:2	0	0,000115493	0,000109975	0,000150837	0,000280647	0,00011622	0	0,000103149	0	0	0,000142721	0	0	0	0,000133687	0	0,000259302	0
LPE 20:1	0,000500593	0,000569905	0,000961536	0,000957997	0,001541737	0,000817436	0,000532507	0,000382745	0,000622283	0,000665167	0,000732756	0,000855289	0,000618055	0,000920913	0,000455077	0,000833436	0,000404164	0,000398756
LPE 20:0	0,00101622	0,000335239	0,001472647	0,001623906	0,001261732	0,000684535	0	0	0,000179698	0,000401099	0	0	0,000489378	0,000540387	0,000239343	0,000401663	0	0,000175479
LPE 22:6	0,017523129	0,022736318	0,028748135	0,032502082	0,028927976	0,02858136	0,018294876	0,021967855	0,022876515	0,023226198	0,021590069	0,023197608	0,030188746	0,028389079	0,038914818	0,037995119	0,03481696	0,034462071
LPE 22:5	0,023122635	0,031483443	0,039589069	0,048318987	0,045230832	0,043350575	0,034226376	0,04160482	0,045981243	0,045540678	0,04373989	0,046039746	0,056780208	0,054168568	0,081047253	0,077288411	0,072428973	0,070023765
LPE 22:4	0,006639829	0,009011468	0,009984886	0,011278272	0,01378831	0,012894169	0,011892831	0,014249209	0,012473621	0,013526564	0,015227624	0,01601887	0,018927682	0,018097856	0,022258586	0,020766659	0,02424434	0,024016696
LPE 22:3	0	0	0	0	0	0	0	0	0,000150492	0	0,000507588	0	0	0	0,000348801	0,000197844	0,001501184	0
LPE 22:1	0	0	0	0	0	0	0,00013653	0	0	0	0	0	0	0	0	0	0	0
"GM3 34:2;2"	0,021163143	0,014311569	0,016942224	0,021046274	0	0	0	0	0	0,010592607	0,011134081	0,015866496	0	0,03026752	0	0	0	0
"GM3 34:1;2"	0,129196686	0,151022832	0,141576551	0,131095841	0,140904599	0,125007706	0,10847389	0,148546092	0,16293634	0,130934392	0,128901345	0,144888301	0,146043071	0,167808729	0,211716854	0,18199873	0,150518783	0,164688192
"GM3 34:0;2"	0,013200233	0,021672165	0,027774499	0,02104031	0,015601015	0,029404401	0,00525243	0,015681516	0,021716961	0,019274481	0,012090505	0,028130077	0,046154722	0,023621853	0	0,026908306	0,004272211	0,001602217
"GM3 36:2;2"	0	0	0	0,018071154	0	0,014262088	0	0	0	0,007683338	0	0,012643571	0	0	0	0	0	0
"GM3 36:1;2"	0,020929676	0,027517369	0,015410037	0,014120413	0,022968178	0,0191674	0,027173783	0,026044633	0,027989341	0,017210623	0,02347818	0,02037868	0	0,026592986	0,046500915	0,037055047	0	0
"GM3 36:0;2"	0	0	0,013683504	0,017582692	0	0,000535311	0,018444467	0,025995484	0,006980815	0,022760593	0,003393974	0,026258182	0	0,006097383	0,020778364	0	0	0,061094634
"GM3 38:1;2"	0	0	0	0	0	0	0	0	0	0,008106834	0	0,015565404	0	0	0	0	0	0
"GM3 38:0;2"	0	0	0	0	0	0	0	0	0	0,006734032	0	0	0	0	0	0	0	0
"GM3 40:2;2"	0	0	0,021370844	0	0	0,022869728	0	0,028309389	0	0,024240644	0,02102272	0,020362383	0	0	0,034844584	0	0	0
"GM3 40:1;2"	0,02928933	0,032786582	0,062761524	0,070813121	0,054405492	0,043652052	0,060699089	0,054458706	0,062454947	0,071357633	0,064471495	0,061273986	0,047344493	0,051712961	0,072779797	0,116918686	0,072361731	0,052216335
"GM3 40:0;2"	0	0,01828858	0,012147657	0,010770459	0,005538854	0,006708035	0,011232733	0,023265589	0,018762688	0,013287819	0,00024561	0,002795768	0,018057677	0,024916557	0,021384817	0	0	0,027694148
"GM3 42:3;2"	0,025845434	0,032316056	0,071450098	0,037864411	0,025643396	0,026079749	0,022670846	0,030985655	0,033791516	0,043081901	0,045723984	0,034041016	0,043895847	0,036863585	0	0,057643275	0	0
"GM3 42:2;2"	0,194987462	0,270614051	0,258224123	0,258392939	0,206885689	0,225085955	0,194488347	0,254289449	0,294597884	0,23371609	0,244150209	0,235004824	0,224658355	0,243909375	0,383187602	0,284171063	0,236862496	0,295041389
"GM3 42:1;2"	0,111833375	0,123241758	0,112464998	0,150063076	0,106319261	0,117844657	0,100030698	0,132898069	0,142192768	0,125831712	0,122819816	0,125766878	0,140035329	0,10515533	0,171130308	0,163835683	0,131174582	0,167677737
"GM3 44:2;2"	0	0	0	0,027381664	0	0	0	0	0	0,004559408	0,015786723	0	0	0	0	0	0	0
"GM3 44:1;2"	0,024132231	0	0	0	0	0	0	0	0	0,013388605	0	0	0	0	0	0	0	0
Chol :	25,63328865	18,36359704	18,56319196	18,89500522	17,83751241	18,33572274	17,85546427	18,07843656	16,89573392	16,93344394	17,26108692	18,09897862	20,37782541	22,61377339	19,38710292	20,67115313	19,57909197	20,11516165
"SM 32:2;2"	0,006264279	0	0,005286417	0	0,000416961	0	0	0,000140444	0,001145348	0,000373658	0	0,000273891	0	0	0,000302257	0	0,000194412	0
"SM 32:1;2"	0,092934448	0,101774692	0,09195646	0,100744222	0,104144614	0,100079102	0,100151643	0,108962204	0,092341133	0,101076637	0,096189044	0,103329501	0,114561924	0,104959796	0,099104235	0,107809172	0,108599422	0,082990351
"SM 32:0;2"	0,006725531	0,007372525	0,006964374	0,011522582	0,010050439	0,005769544	0,007543931	0,00594799	0,008246799	0,020623149	0,006455361	0,005185706	0,006228778	0,008053023	0,006338895	0,020086324	0,00408347	0,001937189
"SM 34:2;2"	0,146540746	0,162831819	0,155614056	0,153304291	0,164996912	0,161956603	0,152042863	0,15844418	0,155754361	0,15275009	0,151276122	0,159693476	0,181367098	0,158731592	0,166250967	0,168075965	0,169470049	0,163218962
"SM 34:1;2"	1,603708911	1,742670924	1,562910732	1,60144881	1,839368745	1,766192532	1,64838572	1,788174475	1,582265834	1,764054094	1,692006528	1,73413905	1,792716108	1,713184771	1,6041373	1,803636375	1,787796494	2,0406941
"SM 34:0;2"	0,311287899	0,342689728	0,349299455	0,513373164	0,347209558	0,3179702	0,31403106	0,326796511	0,330607927	0,584115919	0,30667936	0,31779551	0,363020774	0,345354758	0,340242694	0,607168554	0,345418749	0,38040018
"SM 36:2;2"	0,058157835	0,063325438	0,060175875	0,05456522	0,060956243	0,06319836	0,051987118	0,056557134	0,053184471	0,050601913	0,053438243	0,054260995	0,063123011	0,055430542	0,05371159	0,051472863	0,060907422	0,02738946
"SM 36:1;2"	0,174265092	0,183258641	0,160289321	0,172628334	0,1988902	0,1875797	0,167886257	0,175502336	0,162894403	0,19376919	0,174904518	0,179899681	0,176926331	0,163857357	0,159561872	0,192467071	0,182157977	0,204232392
"SM 36:0;2"	0,010604759	0,008352328	0,023176902	0,035296016	0,02021801	0,008936389	0,009906489	0,007550606	0,019536456	0,05765176	0,013168359	0,010056547	0,003834336	0,012012615	0,01349665	0,058953134	0,012274361	0,005078045
"SM 38:2;2"	0,00045857	0,000604996	0,000474685	0,000498117	0,001011646	0,000294717	0,001057958	0,000131593	0,000379102	0,001046772	0,000353633	0,00324243	0	0,000608747	0,00023802	0	0,000623443	0
"SM 38:1;2"	0,010988221	0,015181944	0,010482609	0,014783337	0,021694065	0,017405027	0,013944399	0,010531885	0,012960988	0,026466067	0,0156409	0,017108782	0,007139555	0,014847488	0,006967388	0,025789486	0,018517992	0,008861789
"SM 40:3;2"	0	0	0	0	0	0	0	0	0,000425662	0	0	0	0	0,000746816	0	0	0	0
"SM 40:2;2"	0,086046663	0,092333343	0,084928258	0,102719903	0,095062349	0,095497059	0,08866948	0,095678446	0,086300121	0,10418933	0,093920768	0,098372803	0,102843403	0,099306804	0,087493642	0,112138983	0,103578721	0,082041836
"SM 40:1;2"	0,192121992	0,210476372	0,184015088	0,252682779	0,237270528	0,232383795	0,205567029	0,21939391	0,186680174	0,27308619	0,219781473	0,220422803	0,242741746	0,223825001	0,196519363	0,295101014	0,248993629	0,280002399
"SM 42:3;2"	0,297668482	0,315418945	0,271604957	0,328573498	0,295485741	0,309931899	0,305654777	0,31588317	0,27047469	0,309798217	0,273894357	0,290764286	0,344921495	0,327073861	0,278398843	0,324451475	0,309998653	0,337431477
"SM 42:2;2"	1,189112705	1,263977799	1,022216655	1,293547667	1,180369374	1,207397813	1,139364241	1,206578232	0,939964284	1,255315804	1,041911038	1,083405454	1,259026556	1,191071521	0,956628346	1,280046254	1,116372994	1,270712136
"SM 42:1;2"	0,198837911	0,202297055	0,208782158	0,307229807	0,20859819	0,214701305	0,176263668	0,201016966	0,16959917	0,275020862	0,168036187	0,17472065	0,192377889	0,198992539	0,186040113	0,286027054	0,183105489	0,202388621
"SM 44:2;2"	0,004732585	0,004886316	0,002784384	0,002526572	0,006835523	0,004848977	0,006873481	0,002685916	0,002935324	0,005379437	0,001085676	0,003824599	0,003115751	0,00473751	0,000261637	0,004019607	0,00228864	0,001120621
"SM 44:1;2"	0	0	0	0,000171959	0	0	0	0	0	0	0	0	0	0	0	0	0	0
PC 28:0	0,067621211	0,071215666	0,063103454	0,057947121	0,063080102	0,063406582	0,068715711	0,069416819	0,057359457	0,052422879	0,052654399	0,054265858	0,070550423	0,068731578	0,056387523	0,056405006	0,057962795	0,033319806
PC 30:2	0,00485285	0,009963774	0,013228027	0,00533856	0,010344015	0,006479751	0,004666829	0,007135117	0,006516548	0,006470416	0,002876387	0,005202303	0,007003099	0,008186097	0,009878572	0,007870122	0,005443167	0,0005698
PC 30:1	0,199256255	0,219673943	0,19753675	0,188622471	0,207821467	0,202802836	0,210125059	0,213362117	0,191460331	0,180145976	0,178763952	0,183015162	0,22528318	0,215323192	0,182027614	0,18851493	0,19655033	0,19126764
PC 30:0	1,468695586	1,581630734	1,463550907	1,271654501	1,5051941	1,443578415	1,531978698	1,59468069	1,371090204	1,269970576	1,310256642	1,366960438	1,603355191	1,517450617	1,376302396	1,303738043	1,341892603	1,45503736
PC 32:4	0,005317509	0,005228774	0,009212206	0,002588285	0,013417431	0,00704812	0,008455547	0,010669063	0,00844204	0,011916626	0,013642075	0,008246902	0,008024727	0,009338816	0,012872644	0,009831013	0,009959044	0,002624756
PC 32:3	0,091346043	0,097694715	0,103737953	0,072346278	0,118099846	0,096360387	0,105935978	0,126753026	0,105506869	0,120012319	0,125422883	0,106493626	0,100943282	0,117924041	0,136774601	0,115939497	0,104492939	0,082045771
PC 32:2	0,492207166	0,514508737	0,526236058	0,499747721	0,517165304	0,508776803	0,515865205	0,524308194	0,478332454	0,453795565	0,45224434	0,472094939	0,592279625	0,539450436	0,508411978	0,499804528	0,514772326	0,54005408
PC 32:1	4,564195825	4,699731621	4,758029378	4,383146409	4,717654985	4,561720486	4,579947533	4,581491483	4,438803457	4,011764837	4,16936468	4,151987391	4,950594293	4,58515089	4,533052716	4,314085363	4,481485151	4,596457916
PC 32:0	2,700010753	2,848404412	2,612797853	2,06481968	2,688313938	2,571965012	2,908863254	3,057745142	2,812491906	2,514745013	2,625783153	2,732104642	2,620625026	2,590043408	2,502954011	2,257155493	2,329828276	2,622448014
PC 34:5	0,054217962	0,054991177	0,067893832	0,047957258	0,071524457	0,061613506	0,060938486	0,070716018	0,066009793	0,076701655	0,075136056	0,058957441	0,062117754	0,064598256	0,084587514	0,073342689	0,070462194	0,046268174
PC 34:4	0,26525913	0,277561771	0,312038086	0,220065659	0,371975387	0,298990394	0,334520243	0,396077227	0,369478581	0,403308542	0,437242323	0,348159988	0,322395998	0,341213478	0,470193693	0,395217299	0,374342038	0,409444718
PC 34:3	0,384392845	0,406195071	0,448101763	0,386826422	0,455610933	0,414188598	0,466377597	0,51810783	0,444952269	0,488580414	0,477938406	0,452374426	0,469041814	0,471124404	0,50175785	0,448465008	0,441050559	0,483095108
PC 34:2	3,073731983	3,139996487	3,134355703	3,070699027	3,152450453	3,170838738	3,221668666	3,224901514	3,075057727	2,839772111	2,910769139	2,976342975	3,481247333	3,266967543	3,140650622	3,053436409	3,196848585	3,299698201
PC 34:1	15,27306891	15,7303937	15,87183661	14,44483921	15,83330945	15,442547	15,00800368	15,01796276	14,71935307	13,41822295	13,9185409	13,98458228	15,84331733	14,89926462	14,80304526	14,06557875	14,52233549	15,08233294
PC 34:0	0	0	0	0	0	0	0	0	0	0	0	0	0	0	0	0	0	0,002052167
PC 36:6	0,084814128	0,089908841	0,13321566	0,104715056	0,114727617	0,104294596	0,097050217	0,103020209	0,102303674	0,125473828	0,100207729	0,100980045	0,109604095	0,111517988	0,114498557	0,108375525	0,106016372	0,08946641
PC 36:5	0,839993315	0,846409751	1,042885779	0,994477138	1,027661037	0,996573898	0,976580296	1,028323876	1,055320414	1,064994046	1,030411106	0,993720247	1,151467687	1,111535576	1,24660997	1,181767755	1,13879147	1,15685543
PC 36:4	2,287435995	2,305307092	2,735642612	2,471502947	3,022839977	2,797131293	3,102302866	3,311098915	3,500269753	3,449624054	3,631131267	3,386586111	3,226747146	3,157417653	4,008289073	3,677397218	3,73615993	3,78173643
PC 36:3	1,04610389	1,061464697	1,044560444	1,088819814	0,986177547	1,079815879	1,11119139	1,104207514	1,055089682	0,98080596	0,907459193	0,99217535	1,19156945	1,127550728	1,026960801	1,046903447	1,002070445	1,050738119
PC 36:2	4,985047587	5,115391093	4,902095737	4,737069866	4,572924724	4,632695621	4,32138581	4,34537588	4,127539248	3,836003923	3,725364285	3,780178577	4,678912632	4,443779903	4,138812289	4,01610681	3,85402513	4,058477322
PC 36:1	0,840114025	0,815194562	0,936392013	0,665790274	0,915330886	0,829628558	0,913446442	0,873848849	0,985405676	0,783312965	0,83858735	0,848974791	0,91960225	0,868399758	0,971425604	0,822101116	0,866548476	0,920549728
PC 38:7	0,152409744	0,156225388	0,190658027	0,153918237	0,201485861	0,179618185	0,198073054	0,239546459	0,233134742	0,273679029	0,282111726	0,227925327	0,180049974	0,201768806	0,300491356	0,24546234	0,225704742	0,233126935
PC 38:6	0,972341564	0,999754841	1,056423736	1,099556614	0,981677663	1,040583724	1,020517766	1,047957138	0,986504505	0,970468896	0,899201558	0,906429216	1,045208011	0,985609315	0,862144252	0,886029337	0,800297681	0,826135574
PC 38:5	2,172725534	2,195127119	2,477985285	2,481377318	2,445102069	2,479749424	2,757272381	2,836061993	3,011237086	2,854536729	2,7499971	2,754073223	2,866591599	2,734576657	3,094470459	2,963071886	2,863268889	2,924585582
PC 38:4	0,96210273	0,923972385	1,131364536	1,072870434	1,148885791	1,129096259	1,304657737	1,295365849	1,52838795	1,338106279	1,314471632	1,316999301	1,425095128	1,318883225	1,672500246	1,496939738	1,501527681	1,539016827
PC 38:3	0,108622674	0,112248222	0,088950855	0,087040386	0,073948761	0,07269987	0,046499876	0,046508146	0,020773705	0,033618131	0,020314406	0,02794741	0,061186565	0,056167396	0	0,013932684	0,011313131	0,017856356
PC 38:2	0,245395318	0,248702418	0,247130666	0,226424885	0,221631275	0,227211154	0,203345616	0,202342345	0,20627397	0,18410561	0,171983551	0,180458423	0,202066656	0,198538277	0,203659206	0,190257471	0,181177883	0,179259349
PC 38:0	0	0	0	0	0	0	0	0	0	0	0	0,000179665	0	0	0	0	0	0
PC 40:9	0,028105897	0,033808375	0,033211847	0,021757609	0,032983527	0,026709124	0,043827282	0,051661917	0,040512426	0,055543844	0,048579725	0,032486569	0	0	0	0	0	0
PC 40:7	0,536822499	0,541299637	0,537381831	0,440757795	0,516285266	0,5429493	0,549120255	0,584514791	0,55626184	0,545978222	0,522579716	0,513975114	0,375713359	0,50470811	0,523510488	0,494046511	0,428082176	0,461160376
PC 40:6	0,46086024	0,4710533	0,440768101	0,476616171	0,440778204	0,470024307	0,467471343	0,47957466	0,440411649	0,41138695	0,414169726	0,425442445	0,547537482	0,492040768	0,463138101	0,439081156	0,454801693	0,455713432
PC 40:5	0,233025517	0,229679189	0,236738916	0,23201823	0,231736464	0,243156544	0,272696915	0,269472164	0,271776247	0,253768246	0,245492352	0,251593631	0,288303329	0,278546159	0,289869045	0,28459465	0,26562067	0,27471175
PC 40:4	0,045013547	0,044643856	0,04987975	0,050996537	0,051515995	0,047976601	0,049061236	0,05226303	0,054862683	0,051439593	0,048659679	0,047823562	0,057309327	0,056712731	0,059579317	0,057262534	0,052249528	0,019564893
PC 40:3	0,013362701	0,018799016	0,018021284	0,014450746	0,009945079	0,007943818	0,00644933	0,004222892	0,006933439	0,004253924	0,000452168	0	0,004782935	0,006810423	0,003007349	0,006265979	0	0
PC 40:2	0,02180378	0,020879274	0,025204839	0,02229883	0,016114871	0,016431637	0,012415703	0,009609374	0,014992066	0,009971866	0,006747949	0,012044124	0,011394276	0,010956272	0,01023877	0,010947041	0,006456093	0,002773052
PC 40:1	0	0	0	0	0	0	0	0,000155444	0	0	0	0	0	0	0	0	0	0
PC 42:9	0,125334387	0,127535156	0,135234188	0,154925147	0,141277685	0,156099231	0,195526296	0,220572988	0,223523349	0,217429155	0,194721359	0,246415875	0,138465426	0,137621359	0,162426001	0,160507286	0,153276428	0,144517329
PC 42:8	0,03925165	0,039412405	0,04434627	0,037944075	0,043216206	0,040787043	0,046392568	0,049493543	0,049758291	0,053610729	0,050187333	0,038482414	0,04844172	0,044172642	0,047956345	0,047809091	0,042062568	0,005524051
PC 42:7	0,033329835	0,033025749	0,027110624	0,03517864	0,027344456	0,030103071	0,030060256	0,029575856	0,031807114	0,027279918	0,024023744	0,027968597	0,032551383	0,034801943	0,035381397	0,030568522	0,024338623	0,011821342
PC 42:5	0,015876836	0,015373078	0,010946709	0,016018457	0,010608995	0,012156411	0,024460516	0,020612434	0,024990614	0,013378643	0,010126709	0,015418614	0,019482905	0,018534682	0,008064925	0,014943278	0,008847169	0
PC 42:4	0	0	0	0	0	0	0	0	0	0	0	0	0	0,001506764	0	0	0	0
PC 42:3	0,000662108	0,001277309	0,001004703	0,000851336	0,000207701	0,001008438	0,00076723	0,000422699	0,000354732	0	0	0	0	0	0,00025323	0,000232236	0,000224685	0
PC 42:2	0,003220334	0,002855146	0,002688378	0,001326614	0,002632163	0,001450751	0,00042201	0,00118977	0,000319486	0,000463543	0,000211697	0,000184333	0,00074267	0,001359006	0,00070432	0,000147893	0,000218887	0
PC 42:1	0	0	0	0	0	0,000138444	0	0	0	0	0,000329362	0,00015094	0	0	0	0	0	0
PC 44:12	0,035839564	0,040786034	0,036029297	0,031738618	0,035549341	0,043145186	0,038581347	0,040222532	0,042028279	0,035891852	0,029339683	0,03097687	0,027013871	0,02959024	0,031057894	0,034550162	0,025487844	0,004164229
PC 44:7	0,000616023	0,000299704	0,000418146	0,000209611	0,000284602	0,000630674	0	0,000731372	0,001210813	0,000154631	0,000160588	0,000610368	0	0,000408824	0	0,000326137	0,000111819	0
PC 44:6	0	0,000102627	0	0	0	0	0	0	0	0,000403862	0	0	0	0	0	0	0	0
PC 44:5	0,000163939	0	0,000208256	0,0004214	0,00038584	0	0,000784959	0	0,000617446	0,000725139	0	0,000734078	0	0	0	0	0	0
PC 44:4	0	0	0	0	0	0	0	0,000145808	0	0	0,000621531	0	0,001288314	0,000251388	0,001365822	0	0	0
PC 44:3	0	0,000178599	0	0	0,000171987	0	0	0,000220235	0	0	0	0	0	0	0	0	0	0
PC 44:2	0	0	0	0	0	0	0	0	0	0	0	0	0	0	0	0	0,00020308	0
PC O-28:0	0,00274611	0,002236672	0,004158936	0,003851228	0,004524253	0,003255811	0,004733187	0,003832175	0,00594402	0,005743243	0,004151416	0,007178266	0,005590087	0,004713372	0,007394421	0,005631059	0,011083424	0,000517554
PC O-30:2	0,000669831	0,006773762	0	0,007034457	0,01383059	0,006993166	0,007572707	0,007723685	0,012556401	0,009457741	0,006389073	0,006625747	0,007544066	0,005274275	0,008533869	0,011606598	0,003032843	0,002229701
PC O-30:1	0,067285093	0,074024977	0,084234724	0,077232685	0,078718098	0,077548194	0,078353959	0,078928945	0,090841867	0,085224249	0,078921833	0,082124981	0,079955684	0,071814738	0,091735974	0,088468163	0,079465481	0,050216971
PC O-30:0	0,075529195	0,079644106	0,082148311	0,077434087	0,067324899	0,066958602	0,068182255	0,070992715	0,07416055	0,0667412	0,056882647	0,06212977	0,066921223	0,064707436	0,07097917	0,068373937	0,054568153	0,035191889
PC O-32:3	0,008957334	0,011619646	0,022389277	0,011857508	0,015978117	0,028171431	0,01244034	0,007179336	0,016091032	0,015964098	0,043467027	0,011637303	0,032610881	0,004218131	0,00673568	0,007632443	0,007575634	0,002830711
PC O-32:2	0,130552621	0,142689165	0,163831305	0,148052769	0,155137124	0,14830002	0,144694092	0,143232148	0,182977611	0,166873494	0,148870162	0,153154786	0,154581731	0,144719439	0,175963004	0,169205971	0,15390339	0,135115118
PC O-32:1	0,388667515	0,429709743	0,442251122	0,384598307	0,388279639	0,380509666	0,379572738	0,391595192	0,434672372	0,400417453	0,360682629	0,369308934	0,36994469	0,354290656	0,415811062	0,38674883	0,335821137	0,361890873
PC O-32:0	0,320511061	0,357367231	0,34740682	0,303614248	0,269307593	0,270762828	0,261142323	0,280724841	0,281946704	0,26937358	0,205831777	0,219031492	0,247933034	0,245350166	0,242465308	0,2417543	0,183893218	0,200042757
PC O-34:3	0,057818796	0,063467318	0,067000196	0,05459117	0,065061671	0,057648614	0,057629445	0,060974275	0,063106193	0,066191608	0,058769911	0,056393002	0,055423941	0,058955975	0,068458063	0,060978926	0,05229576	0,028990015
PC O-34:2	0,261262343	0,283724353	0,275357019	0,257516328	0,252598294	0,25688558	0,229056468	0,237217987	0,254923832	0,237708168	0,214079481	0,229722616	0,241715308	0,232218156	0,24978731	0,241612322	0,211732712	0,234834046
PC O-34:1	0,750296659	0,828652726	0,738792413	0,746177819	0,632640015	0,658452716	0,61902676	0,666501614	0,598363445	0,614228035	0,490304668	0,533227469	0,619568009	0,607614476	0,559665768	0,580261733	0,455832503	0,521200476
PC O-34:0	0,116461934	0,12325773	0,142114622	0,115713746	0,103515218	0,100708562	0,09218602	0,092712793	0,114771131	0,10986399	0,072999371	0,081667995	0,095680763	0,095684723	0,111496526	0,102295975	0,062519067	0,053027619
PC O-36:4	0,226101608	0,251741787	0,260035811	0,260846658	0,23199665	0,240251695	0,240858671	0,244542506	0,266684466	0,266113503	0,229906099	0,231254911	0,257551914	0,254749174	0,284663224	0,285127905	0,234102207	0,245659933
PC O-36:3	0,0951123	0,103731636	0,092571769	0,090624832	0,085315391	0,091572537	0,072302637	0,079221451	0,077987664	0,073269121	0,063918769	0,073369392	0,077100577	0,074370253	0,075000167	0,070702948	0,065577266	0,03866671
PC O-36:2	0,098873648	0,103236559	0,096548937	0,093041674	0,085944355	0,088610578	0,073283259	0,072332846	0,072284789	0,070278087	0,058658202	0,064521846	0,072753536	0,074005905	0,066092528	0,067368274	0,054842102	0,036839391
PC O-36:1	0,037867124	0,038955049	0,037621675	0,033131314	0,028044517	0,028932898	0,017702699	0,015976038	0,018938088	0,0202566	0,011438157	0,014274811	0,015696115	0,021014621	0,012656925	0,013180066	0,006043233	0,002865193
PC O-38:7	0,023683135	0,026016421	0,023379952	0,045923253	0,020776659	0,016057166	0,016998228	0,016899062	0,020532262	0,026245573	0,023728812	0,034816316	0,028786758	0,036245331	0,034449149	0,013066278	0,020429298	0,016386933
PC O-38:6	0,302342275	0,315126728	0,304839058	0,319453933	0,280644705	0,309069257	0,28387102	0,286684058	0,30592141	0,282584933	0,263360561	0,21361136	0,325284318	0,315332524	0,308964072	0,305015176	0,282589567	0,284826306
PC O-38:5	0,345659611	0,381336997	0,389946912	0,407310769	0,341926503	0,372128632	0,360817858	0,372840643	0,414056705	0,392273991	0,3420644	0,375309264	0,399539313	0,37850227	0,387572503	0,393053249	0,340696993	0,367855474
PC O-38:4	0,060148896	0,063323492	0,072277295	0,069825374	0,054865022	0,059504208	0,044505781	0,05451825	0,062181484	0,053640433	0,041585288	0,039962274	0,050620531	0,051655976	0	0,064823598	0,041247078	0,015505794
PC O-38:3	0	0	0	0	0	0	0,000211769	0	0	0	0	0	0	0	0	0	0	0
PC O-38:2	0,003295567	0,003666064	0,001145248	0,001027708	0,001967465	0,00017991	0,000183873	0,00018059	0,000620655	0,000343309	0,000203384	0	0	0	0,000205032	0	0	0
PC O-38:1	0	0	0	0	0	0	0	0	0	0	0	0	0	0	0	0	0	0
PC O-40:9	0	0	0,000161239	0	0	0	0	0	0	0	0	0	0	0,000202805	0,000750671	0	0	0
PC O-40:8	0,029452184	0,030116341	0,028006279	0,020292688	0,023601447	0,024361779	0,020908045	0,027777329	0,025086772	0,025654618	0,026037404	0,022934252	0,013926128	0,024376151	0,03319367	0,019488889	0,017184726	0,004538181
PC O-40:7	0,08582216	0,093125457	0,074213517	0,081778298	0,071872862	0,080307808	0,064362681	0,071051533	0,059506913	0,062884562	0,058756125	0,064290662	0,074497387	0,074370552	0,063712671	0,063331066	0,056915846	0,029687392
PC O-40:6	0,071622234	0,078197809	0,062620823	0,067346295	0,056316166	0,064037386	0,054820952	0,053872066	0,052760539	0,048047616	0,046846802	0,052895706	0,062139081	0,061493951	0,052916344	0,049948045	0,045045893	0,024297573
PC O-40:5	0,032498327	0,034996189	0,032703216	0,033758689	0,028288683	0,032536053	0,023722187	0,024822335	0,029814178	0,025442431	0,018408548	0,026533654	0,034544683	0,031235622	0,029153986	0,027595005	0,02076947	0,001301611
PC O-40:4	0,010339353	0,007684438	0,010930787	0,012145193	0,008692484	0,007183154	0,006728718	0,005064567	0,007497113	0,0025463	0,004050134	0,005551132	0,005076718	0,008993735	0,004737611	0,006859737	0,003435121	0,002577901
PC O-40:2	0,000195622	0	0	0	0	0	0	0	0	0	0	0	0	0	0	0	0,019954911	0
PC O-40:1	0	0	0	0	0	0	0	0	0	0	0	0	0	0	0,000114946	0	0	0
PC O-42:7	0	0,000206486	0,000407911	0	0	0	0	0,000168492	0	0	0	0	0	0,000206678	0	0	0	0
PC O-42:6	0,001034021	0,001698841	0,001847196	0,000885304	0,000701028	0,000481677	0,000843269	0,000215147	0,000966525	0,000297913	0	0	0,000220485	0,000627255	0	0,001007406	0,000180608	0
PC O-42:5	0,001205992	0,001178321	0,001029123	0,002099506	0,00255999	0,00138882	0,000217046	0,001835889	0,001039767	0,000544977	0,000374137	0,001272833	0,000374264	0,0011938	0,000419558	0,000492029	0,000230284	0
PC O-42:4	0	0	0,00085484	0	0,000479312	0	0,000351216	0	0,00120981	0,000554428	0,000492119	0,000230745	0,000530572	0	0,000743174	0	0,000553341	0
PC O-42:3	0	0	0	0,000193444	0	0	0	0,000236481	0	0	0,000183999	0	0	0	0	0	0,005359991	0
PC O-42:1	0	0	0	0	0	0	0	0	0	0	0	0	0	0	0	0	0,000254221	0
PC O-44:10	0	0	0	0	0	0	0	0	0	0	0	0,000101234	0	0	0	0	0	0
PC O-44:6	0,000161336	0	0	0	0	0	0	0	0	0	0	0	0	0	0	0	0	0
PC O-44:5	0	0,000199845	0,000142443	0	0	0,000297762	0,000219576	0	0,00019428	0	0	0	0	0,000199194	0	0	0	0
PC O-44:3	0	0	0	0	0	0	0,009631275	0,004154538	0	0	0	0	0	0	0	0	0	0
PC O-44:1	0	0	0	0	0	0	0	0	0	0	0	0	0	0	0,000228242	0,000708268	0,002642236	0
"HexCer 34:2;2"	0,002682099	0,001151242	0,001079648	0,000597041	0,000578242	0,001595196	0,000888668	0,00068422	0,000900962	0,000420418	0,000730659	0,000365939	0,001213672	0	0,001263934	0,00132486	0,000805922	0,000926252
"HexCer 34:1;2"	0,039602999	0,031700571	0,013534085	0,014994255	0,023033913	0,045827599	0,02089929	0,020578539	0,022740538	0,012453726	0,017728466	0,013911672	0,025421935	0,028626245	0,019102485	0,018499854	0,018768661	0,019449964
"HexCer 36:1;2"	0,008924495	0,007431097	0,00584021	0,005029075	0,006502839	0,007544022	0,005492735	0,005591315	0,00480312	0,001979401	0,003541635	0,003355378	0,00810769	0,006833644	0,004946225	0,003685254	0,003578444	0,004912523
"HexCer 42:2;2"	0,106268128	0,096677095	0,050812665	0,05413324	0,058178861	0,137073662	0,063566884	0,054120588	0,038021571	0,035173557	0,047123548	0,039590342	0,076411435	0,100813447	0,044264134	0,043488303	0,038412512	0,055055805
"HexCer 42:1;2"	0,051094388	0,046156263	0,021140733	0,021368094	0,020589084	0,026015154	0,024737952	0,015687545	0,011313345	0,012208061	0,018062287	0,01690314	0,028485354	0,035391194	0,016559878	0,020852692	0,020500695	0,019539546
CE 14:0	0,076355951	0,091545335	0,084612016	0,087432735	0,089296456	0,100548163	0,055562905	0,064186396	0,066014222	0,061756317	0,09107448	0,075963734	0,074214989	0,072184427	0,062152484	0,067779654	0,112927928	0,02995305
CE 16:1	0,168211626	0,205182361	0,195574392	0,198466634	0,19276627	0,20378277	0,132435423	0,154884131	0,157372954	0,15320627	0,244752947	0,191507668	0,139843814	0,139835093	0,173210483	0,157136587	0,196609743	0,135235567
CE 16:0	0,333264071	0,386853384	0,430473666	0,416590642	0,413506146	0,440147651	0,261886818	0,299422952	0,343556326	0,312918828	0,356997805	0,373474501	0,332348113	0,338421216	0,364744709	0,352964898	0,431970172	0,435434769
CE 18:2	0,122509724	0,143614769	0,157609192	0,163695336	0,154379162	0,167201909	0,125678991	0,140846233	0,160039398	0,151989593	0,17615738	0,187019173	0,150453186	0,146533914	0,163374278	0,167348193	0,177781468	0,125242843
CE 18:1	1,531482275	1,660487587	1,987527748	2,002147302	1,955816452	2,079446033	1,206273246	1,320424396	1,570911443	1,483867449	1,587921572	1,709856306	1,436751505	1,399854982	1,64047333	1,611696589	1,74570875	1,931073017
CE 18:0	0,099089568	0,12095279	0,157178752	0,142977853	0,153771047	0,159915155	0,092469113	0,097281513	0,140457932	0,125498275	0,15510581	0,142010099	0,122922719	0,116810673	0,164635196	0,148473628	0,188399149	0,122961105
CE 20:5	0,072998983	0,07157511	0,111715306	0,118198054	0,109562732	0,108049384	0,100155948	0,099491508	0,132952019	0,124643049	0,126979756	0,147093698	0,084508057	0,101644507	0,11795397	0,122981825	0,119713983	0,061125809
CE 20:4	0,127736239	0,129802694	0,187352532	0,194249591	0,187007902	0,178874912	0,186161911	0,200501524	0,256539114	0,252658858	0,251872212	0,295821183	0,174127859	0,18799411	0,25367572	0,239438282	0,23896499	0,217686888
CE 20:3	0,062948005	0,06478073	0,095291439	0,098250525	0,093829877	0,090852412	0,085987701	0,086571883	0,126035664	0,10826634	0,122029326	0,130329353	0,09113567	0,090358762	0,113390575	0,111434343	0,12186303	0,040811841
CE 22:6	0,510608746	0,491890725	0,663369721	0,668234174	0,61304008	0,618541406	0,519077041	0,511177624	0,553638705	0,536807967	0,559065447	0,614687048	0,536411406	0,53221126	0,552855622	0,537533843	0,550810853	0,557690329
CE 22:5	0,59475868	0,587518468	0,836096967	0,876250077	0,814495586	0,831648783	0,804923859	0,811318672	1,004724863	0,955272028	0,973014202	1,053541305	0,77137281	0,781760621	0,995218604	0,950056189	1,002667433	1,047263875
CE 22:4	0,184980504	0,176409868	0,263660918	0,286386047	0,247516868	0,241065481	0,300779583	0,299428093	0,411716288	0,388603704	0,369774597	0,390257753	0,287810983	0,280633984	0,42216247	0,395463921	0,388119514	0,382263575
DAG 30:2	0,001075148	0,000864279	0	0,000424868	0	0	0,000226818	0,000215088	0	0	0,006778808	0,000310129	0,000217355	0,000345155	0	0	0,000745773	0,000457237
DAG 30:1	0,013980401	0,013258723	0,008047298	0,008677176	0,006561945	0,005867883	0,00592895	0,007030318	0,004494041	0,003449581	0,025762211	0,004093493	0,007088856	0,006223954	0,003425829	0,005054046	0,011566668	0,006751083
DAG 30:0	0,049520934	0,053472925	0,044122052	0,041034532	0,034153168	0,035339271	0,02812346	0,030005351	0,025295515	0,023721419	0,046898007	0,024192576	0,040754257	0,034141014	0,035161594	0,026562414	0,082315937	0,027825529
DAG 32:2	0,016059049	0,017048671	0,010902228	0,012219184	0,008639197	0,009256466	0,009081945	0,008910376	0,007482911	0,007322626	0,027998085	0,006266367	0,009804093	0,009769116	0,007969239	0,008298489	0,008258413	0,006518962
DAG 32:1	0,113572143	0,121286916	0,099754516	0,107579279	0,083431707	0,094970185	0,070028283	0,07561552	0,068547818	0,068592057	0,096494513	0,058612713	0,088736589	0,088451467	0,076080276	0,078342403	0,077477888	0,075131446
DAG 32:0	0,163153696	0,170945455	0,175209329	0,160126724	0,130573596	0,144260389	0,096157674	0,103431547	0,10648762	0,099336891	0,111281749	0,088238744	0,128094587	0,119625201	0,12901942	0,110009476	0,145112233	0,106070274
DAG 34:3	0,008711314	0,009083793	0,005923448	0,007753633	0,005588894	0,006980695	0,007306747	0,007620998	0,006724954	0,006978563	0,012046406	0,006066529	0,008252113	0,009547539	0,008036413	0,008178523	0,006306422	0,005941489
DAG 34:2	0,075886423	0,079202759	0,063900596	0,070034943	0,055445419	0,065822536	0,050918016	0,056966987	0,052628871	0,052177743	0,066130928	0,046248879	0,063099517	0,063569687	0,058085678	0,058862062	0,049054372	0,057688614
DAG 34:1	0,378093152	0,399448737	0,372818756	0,38587937	0,302167513	0,357466053	0,244572921	0,269950178	0,269905593	0,271245311	0,222033252	0,223344051	0,306786073	0,316642875	0,294605259	0,299561976	0,234476995	0,275761539
DAG 36:5	0,004995819	0,006168282	0,004616848	0,00685243	0,00317551	0,006173384	0,004034928	0,004730647	0,003856388	0,004926495	0,003764365	0,004616911	0,003013129	0,004217349	0,001704587	0,002870963	0,000307846	0,002275213
DAG 36:4	0,020714237	0,020055388	0,017429629	0,021430258	0,015222141	0,022736659	0,017142205	0,020761775	0,01849197	0,019128084	0,023936533	0,020538086	0,020796621	0,021306264	0,020538976	0,021800631	0,018651106	0,023249042
DAG 36:3	0,024496151	0,025439826	0,021572914	0,024494433	0,017223852	0,023709873	0,020473655	0,022398701	0,02178254	0,021156818	0,026583303	0,019644735	0,023909711	0,024316648	0,021418179	0,022850816	0,018265049	0,023810107
DAG 36:2	0,125649801	0,130744165	0,106014934	0,120914064	0,090546237	0,113689295	0,075700678	0,087826899	0,077889925	0,078669044	0,072810189	0,070736247	0,094018234	0,099267889	0,085913033	0,087783208	0,068138631	0,086961868
DAG 36:1	0,068633222	0,070528208	0,075626066	0,068436751	0,053932464	0,063717999	0,043299768	0,043658816	0,047716057	0,046059421	0,044401502	0,039064755	0,059950838	0,050782448	0,049561365	0,045685754	0,044108986	0,049080228
DAG 38:6	0,0142622	0,015265012	0,013250167	0,014540392	0,010891161	0,015379365	0,010035178	0,011362419	0,010851378	0,011416576	0,008335833	0,010463271	0,01473879	0,014100812	0,012338554	0,012880269	0,009220281	0,012661209
DAG 38:5	0,022314464	0,022857435	0,020662895	0,023412614	0,01720012	0,02567856	0,018260681	0,021960128	0,020489596	0,021314611	0,017372477	0,021559917	0,022077889	0,022144223	0,02082718	0,021620474	0,023005373	0,024388177
DAG 38:4	0,022339832	0,019344716	0,019905878	0,022942911	0,01696491	0,025844424	0,019811438	0,019579784	0,01874408	0,01953175	0,018086361	0,020144835	0,019425598	0,019379285	0,019476665	0,01983696	0,016513862	0,021518765
DAG 38:3	0,006354315	0,006341585	0,005887349	0,005167459	0,004619853	0,005505452	0,004792176	0,004444934	0,004934043	0,005048582	0,004955197	0,003478187	0,00363109	0,004438954	0,002876917	0,003466587	0,002243174	0,002267968
DAG 40:6	0,008371779	0,007384799	0,004553352	0,006913945	0,005382314	0,008708932	0,006257118	0,007246694	0,006203349	0,006697207	0,004391261	0,006355924	0,006774803	0,007509672	0,005109791	0,005354519	0,003798573	0,005912472
"Cer 32:1;2"	0,00822263	0,005036967	0,004300911	0,00369995	0,003463907	0,00275277	0,004768073	0,00705242	0,004354715	0,003609828	0,008192308	0,005079428	0,00416697	0,003896855	0,003211808	0,001977338	0,009505335	0,004155581
"Cer 34:2;2"	0,009308317	0,010992935	0,014336652	0,008617551	0,009556022	0,00839346	0,008410579	0,008774544	0,010340143	0,006847685	0,011593239	0,008037878	0,0059872	0,00635733	0,00734177	0,005781329	0,007104356	0,00524338
"Cer 34:1;2"	0,067744064	0,072378928	0,083295436	0,065021363	0,071485378	0,073442636	0,062035947	0,070696153	0,070973815	0,057821135	0,068764611	0,067110071	0,05934721	0,059697972	0,064488253	0,051366815	0,063437596	0,064970165
"Cer 36:2;2"	0,002579309	0,002871243	0,002778194	0,000760643	0,002114298	0,002289903	0,002287804	0,001290415	0,001835991	0,000451839	0,00436823	0,000871197	0,00029977	0,000216499	0,000245569	0,00053075	0,000653155	0,000961566
"Cer 36:1;2"	0,012502449	0,012113103	0,01344266	0,011708091	0,010803166	0,010916774	0,009075355	0,012085474	0,00993994	0,008221943	0,014655667	0,010362574	0,009207329	0,008193931	0,008064723	0,005961409	0,012121844	0,007596927
"Cer 36:0;2"	0,001022877	0	0,001139508	0	0	0	0	0,012220813	0	0,000691419	0,009505951	0,001209187	0,015338408	0	0,006037768	0	0,004548085	0,003309903
"Cer 38:2;2"	0	0	0	0	0	0	0	0	0	0	0	0	0	0	0	0	0	0
"Cer 38:1;2"	0,001415128	0,001645264	0,004175786	0,000648306	0,001104165	0,000291675	0,001085407	0,002013359	0,001343131	0,001278452	0,005672556	0,001366931	0,001201158	0,001005621	0,001466326	0,000777276	0,002456013	0,001357107
"Cer 40:2;2"	0,004029986	0,010435496	0,007330436	0,002638713	0,00334481	0,005810178	0,004843605	0,002337627	0,00277516	0,00205723	0,004522927	0,002349579	0	0	0	0,000782504	0	0,000152819
"Cer 40:1;2"	0,020635726	0,023118495	0,027724371	0,022034725	0,020218823	0,022456712	0,019035791	0,020232958	0,021240634	0,019337245	0,02432205	0,020263613	0,020957305	0,019195042	0,02372026	0,021727093	0,023457373	0,026285772
"Cer 40:0;2"	0	0,001889286	0,009144441	0	0	0	0	0	0	0	0	0	0	0	0	0	0	0
"Cer 42:3;2"	0,047439067	0,048180355	0,050307474	0,049718751	0,041836143	0,052128856	0,040336797	0,043463572	0,044188904	0,037408502	0,038607412	0,039307017	0,040881597	0,041387498	0,042240523	0,03735559	0,035126692	0,042919471
"Cer 42:2;2"	0,167155652	0,164325134	0,159994506	0,162987344	0,141521448	0,172370586	0,138342988	0,145726036	0,137540632	0,129498385	0,127312122	0,131227823	0,14069628	0,138609438	0,137577101	0,127442624	0,119991341	0,146566812
"Cer 42:1;2"	0,081789332	0,10097376	0,086500901	0,083958184	0,065395814	0,084027607	0,066087157	0,066201648	0,059997264	0,065465615	0,061219374	0,059503009	0,071746892	0,068255438	0,060390148	0,070793098	0,05179518	0,075998441
"Cer 44:1;2"	0	0	0,001309396	0	0,000175241	0	0	0,000298499	0,000124583	0	0,001155852	0,000225137	0	0,000206983	0	0	0,000209394	0
"diHexCer 40:2;2"	0	0	0,000196348	0,000266761	0,000323457	0,000355647	0,000170832	0,000165862	0,000180464	0,00057342	0,000463528	0,00024259	0,000573051	0	0,000545932	0,000137754	0,00016421	0
"diHexCer 42:2;2"	0,032823171	0,033966938	0,035759332	0,038267962	0,040008411	0,036431907	0,033726514	0,036625392	0,037515418	0,03510643	0,032860173	0,040624333	0,042088658	0,038389695	0,040838862	0,03491465	0,040828552	0,041860706
"diHexCer 42:1;2"	0,007022261	0,001970382	0,006325753	0,004327342	0,01155278	0,009932371	0,009165903	0,009367489	0,009406022	0,006868159	0,008744204	0,009485588	0,007161946	0,007677762	0,004079707	0	0,008369648	0,006375458
"triHexCer 34:1;2"	0,042413626	0,059589094	0,049967104	0,044390511	0,055799316	0,061216924	0,026798477	0,044580232	0,060607815	0,028833688	0,021482666	0,044477909	0,018115843	0,007916491	0,012599607	0,000754265	0,014804444	0,014952144
"triHexCer 42:2;2"	0,198143125	0,193950344	0,185607582	0,156059379	0,121088098	0,155825787	0,162352277	0,181541269	0,157078946	0,126864142	0,092976285	0,183217689	0,1004637	0,148418506	0,12520209	0,125360365	0,152770983	0,11067331
"triHexCer 42:1;2"	0,021734231	0,012572178	0,029344679	0,029030797	0,019710452	0,024101458	0,008822511	0,013976777	0,014697605	0,005222726	0	0	0	0	0,014679382	0	0	0
"triHexCer 44:2;2"	0,01109168	0,015501905	0,005990471	0,039528154	0,006419558	0,016094613	0,001864048	0,015949911	0,008755818	0,006141354	0,002994284	0,016281398	0,002703357	0,003391283	0	0,001486958	0	0
"triHexCer 44:1;2"	0,002427056	0	0,002629697	0,013869445	0	0	0	0	0,003306605	0,004348987	0,001389337	0	0,002955988	0,002486566	0	0,0011486	0,004569218	0
PA 28:0	0	0	0	0	0	0	0	0	0	0	0	0	0	0	0	0	0	0
PA 30:1	0	0	0	0	0	0	0	0	0	0	0	0,005227278	0	0	0	0	0	0
PA 30:0	0,002414329	0,000785873	0,000860236	0	0,001287226	0	0,001005417	0	0	0	0	0	0,001819466	0,001957453	0,000338716	0,000158959	0,000601906	0,000190207
PA 32:2	0,000212948	0	0	0	0,000174786	0	0	0	0	0,000135003	0	0	0	0,000196651	0	0	0	0
PA 32:1	0,006988326	0,006444027	0,004768077	0,005015758	0,004315661	0,00381794	0,005387216	0,005099708	0,003504158	0,005798522	0,002765378	0,005886118	0,001530673	0,002795334	0	0	0	0
PA 32:0	0,008139596	0,007304006	0,008465134	0,008254956	0,008155924	0,00735618	0,007501905	0,004463159	0,005625358	0,008162496	0,007065669	0,004770569	0,007046632	0,007843783	0,007802065	0,002867903	0,002294217	0,002467633
PA 34:2	0,008619166	0,008218021	0,006936483	0,008155051	0,008685923	0,0064781	0,009473691	0,008220475	0,006954395	0,012575963	0,008813055	0,00898517	0,009055551	0,009656721	0,008177514	0,004385914	0,004210382	0,00530481
PA 34:1	0,032078235	0,029639519	0,030219194	0,031827495	0,031398965	0,02587376	0,033654681	0,029143998	0,029888725	0,039792731	0,034464206	0,032402676	0,031632604	0,034895681	0,032180898	0,025818835	0,027835378	0,023877799
PA 34:0	0,001055012	0,000386919	0,002222503	0,001435301	0,001517946	0,000602394	0,002329716	0,000941331	0,00162346	0,002418233	0,001531771	0,000789874	0,000736416	0,001165878	0,001473212	0,000427017	0,00012016	0,000502404
PA 36:4	0,003622392	0,001276219	0,002570589	0,001287326	0,003353242	0,001764994	0,004300916	0,002597737	0,002241036	0,004158957	0,002168482	0,001996895	0,004035926	0,004476337	0,003076965	0,000483029	0,000519062	0,001710005
PA 36:3	0,001836086	0,000590058	0	0,00046632	0,002426037	0,000693881	0,001635432	0,000545214	0,000588201	0,002060424	0,001537344	0,000236845	0,001415632	0,002266583	0,000107728	0	0,000577763	0,000206983
PA 36:2	0,016351697	0,015121847	0,014123016	0,016988481	0,015395872	0,013352468	0,018621719	0,015446135	0,018457556	0,025028695	0,020729432	0,01965373	0,014729655	0,016099436	0,016439924	0,016329561	0,016426061	0,013975609
PA 36:1	0,003860329	0,002776726	0,00437146	0,002942352	0,003878335	0,002915014	0,004760652	0,003013116	0,002257614	0,004389586	0,004604376	0,002179617	0,002901163	0,003890396	0,003418978	0	0	0,000527449
PA 38:6	0,001183299	0,000283448	0,003620102	0,000414827	0,000833987	0,000249102	0,000728285	0,000507544	0,000160654	0,000678559	0,000106024	0,000319955	0,001044644	0,000948248	0,000431941	0	0	0,000178591
PA 38:5	0,004412808	0,001953643	0,002953409	0,002120711	0,002906295	0,002020184	0,004565075	0,003184492	0,003243901	0,005176008	0,003943018	0,003693793	0,004582929	0,004506506	0,004053792	0,001786745	0,001597985	0,001769347
PA 38:4	0,005522494	0,0037204	0,005773284	0,004293028	0,005720517	0,003697106	0,008611513	0,006403144	0,005888755	0,007572455	0,007224743	0,004929759	0,006603302	0,00737988	0,006206635	0,00208953	0,001326559	0,003354051
PA 38:2	0	0	0	0	0	0	0	0	0	0	0	0	0	0	0	0	0	0
PA 40:7	0,00022149	0	0	0,000174943	0	0	0,000206626	0,000185754	0,000185987	0	0,000109442	0,000180474	0	0,00021932	0	0	0	0
PA 40:6	0	0	0	0	0	0	0	0	0	0	0	0	0	0	0	0	0	0
PA 42:6	0	0,000287785	0	0,000243119	0	0	0	0,000358094	0	0	0	0	0	0	0	0	0	0
PA 42:4	0,000438732	0	0,000122671	0,000270082	0,00037486	0,000128803	0,000225659	0,000179336	0,000260321	0,000241829	0,000123618	0,000354073	0,000152896	0,000105956	0,000459012	0,000522888	0	0
PA 44:10	0,000107614	0	0	0	0,000144865	0	0	0	0,000185549	0,000205894	0	0	0,000136338	0,000167878	0,000109259	0	0	0
PA 44:8	0	0	0	0	0	0	0	0	0	0	0	0,001494856	0	0	0	0	0	0
PA 44:0	0	0	0	0	0	0	0	0	0	0	0	0	0	0	0	0	0	0
PA O-32:0	0,000322612	0,000105688	0,000108395	0	0	0	0	0	0	0,0001012	0	0	0	0	0	0	0	0
PA O-38:8	0	0	0	0	0	0	0	0	0	0	0	0	0	0	0	0	0	0
PE O-32:2	0,016268886	0,022256313	0,024291113	0,031816042	0,027962672	0,026696297	0,029025576	0,024396541	0,028447998	0,032898765	0,033325274	0,030502482	0,012609795	0,016357708	0,015466221	0,020813876	0,013737	0,014207006
PE O-34:3	0,027497817	0,03801561	0,038906491	0,044650015	0,041138028	0,041708743	0,047133608	0,042557755	0,048349441	0,049481866	0,051289658	0,046848852	0,027278713	0,032614174	0,036776116	0,035879358	0,041734462	0,030104347
PE O-34:2	0,191628884	0,27835884	0,264981139	0,327563	0,271515724	0,267442145	0,309356482	0,267845862	0,299153897	0,336172383	0,316791484	0,295199472	0,167005854	0,175965337	0,208355689	0,237816266	0,233557585	0,201234168
PE O-34:1	0,00417545	0,007557079	0,010927622	0,019718635	0,013146974	0,009169976	0,024292125	0,015446967	0,029975305	0,035990503	0,025769224	0,024373534	0,003503594	0,002514643	0,009692796	0,017850606	0,004551396	0,00638434
PE O-36:6	0,177563188	0,243011367	0,241365917	0,257957404	0,222096041	0,233231662	0,201451316	0,190154347	0,203511821	0,208455667	0,209153037	0,193886842	0,153393851	0,154393347	0,156387502	0,160581521	0,177919622	0,150728105
PE O-36:5	0,780989112	1,138283818	1,055269988	1,187405765	1,156738396	1,159420386	1,335720943	1,187419285	1,341304372	1,392878507	1,463989394	1,383933328	0,813755686	0,83016588	0,916268886	0,963981116	1,123155195	0,938541756
PE O-36:4	0,014145295	0,015810027	0,010749162	0,019157401	0,02688085	0,014681363	0,024690258	0,007799026	0,013785607	0,019744949	0,028358904	0,01500166	0	0,005543113	0	0	0	0
PE O-36:3	0,089459771	0,129697386	0,123484059	0,136929734	0,118126092	0,122407357	0,132008794	0,117613938	0,132986824	0,141331921	0,138893486	0,130465301	0,083931005	0,085988689	0,095399631	0,101491673	0,103545183	0,094913725
PE O-36:2	0,039285154	0,060252168	0,061966072	0,071955114	0,060869886	0,059182421	0,059451841	0,048593033	0,066366395	0,07042514	0,069666202	0,060045526	0,031459649	0,032544905	0,04454071	0,047239308	0,044063417	0,039340175
PE O-38:8	0,00086887	0,000744557	0	0,000254234	0	0	0	0,000307885	0,000850262	0,000692385	0	0,000473003	0,001280701	0,000235237	0,000189545	0,001452898	0	0
PE O-38:7	0,5898316	0,821883194	0,700467375	0,805733205	0,653494211	0,68286961	0,630552737	0,608200586	0,602155036	0,647981776	0,612595425	0,563608754	0,447314675	0,458259381	0,450189066	0,485631353	0,490991814	0,429087367
PE O-38:6	1,036038493	1,461513525	1,338179557	1,595018253	1,430948278	1,435223768	1,742198851	1,614920907	1,778707029	1,841687881	1,834168799	1,704618426	1,074275281	1,133017042	1,266756165	1,331883726	1,390879138	1,225678809
PE O-38:5	0,4713843	0,691106669	0,65592235	0,735416527	0,72018679	0,726915272	0,864395149	0,759947904	0,894133078	0,924645097	1,010949103	0,933806586	0,540584486	0,572628732	0,696162309	0,69250048	0,806913547	0,676371745
PE O-38:4	0,014313049	0,026410631	0,012568798	0,016480604	0,019163726	0,017728341	0,017592721	0,012396989	0,015973643	0,019797052	0,019853469	0,01521971	0,005051046	0,007324332	0,00689431	0,002532775	0,006276447	0,006987535
PE O-38:3	0,000480641	0,00118608	0,000113556	0,001031715	0,00219416	0,000666543	0,000820132	0,000221337	0	0	0,000276189	0,000815752	0	0	0	0,000159332	0	0
PE O-40:8	0,194829604	0,266234163	0,225804422	0,242097816	0,211602033	0,209598789	0,213866264	0,209845115	0,195225817	0,209671885	0,206200913	0,185868664	0,151997607	0,147167587	0,143010704	0,16049034	0,150277618	0,140415769
PE O-40:7	0,349446016	0,514051435	0,407602135	0,471167516	0,420551576	0,439929467	0,483190603	0,448768541	0,430299578	0,466659895	0,464316923	0,444795466	0,305972439	0,322155954	0,304676756	0,34097546	0,353629596	0,324351467
PE O-40:6	0,280813127	0,401696995	0,331935875	0,384014083	0,380732609	0,389933788	0,48599552	0,444045008	0,469989705	0,498145902	0,535298019	0,474826039	0,318306201	0,328296205	0,355729106	0,388500946	0,41201814	0,368996774
PE O-40:5	0,049363117	0,107670168	0,075488935	0,05679178	0,076175671	0,090036849	0,114966556	0,098845032	0,121672687	0,087304798	0,158349104	0,100575852	0,049097689	0,083903783	0,069253804	0,048227317	0,089227611	0,047932384
PE O-40:4	0	0	0	0	0	0	0	0	0,000689301	0	0	0	0	0	0	0	0	0
PE O-42:9	0	0,000371186	0	0	0	0,000358034	0,000258255	0	0,000603286	0,000310258	0	0,000276463	0,000799484	0	0	0	0	0
PE O-42:6	0	0	0	0	0	0	0,003180501	0	0	0	0,014177896	0	0	0	0	0	0	0
PE 30:0	0,000295039	0,000568131	0,000448986	0,00073616	0	0,000416142	0,000496001	0,000479209	0	0,000284271	0,000436272	0,000579023	0	0	0	0	0,000248139	0
PE 32:2	0,001189018	0,003544721	0,001951812	0,004690947	0,001879578	0,001354057	0,000870926	0,002531542	0,002082499	0,002016026	0,001988788	0,001995514	0,000156014	0,00112341	0	0,000942202	0,001545946	0,00081128
PE 32:1	0,072627042	0,098700394	0,087995966	0,102194946	0,089689914	0,091522372	0,092633338	0,086577965	0,087039233	0,09380185	0,093559052	0,090792858	0,068552187	0,069141431	0,067340282	0,073496585	0,07931544	0,069446219
PE 32:0	0,007235127	0,009288057	0,005630358	0,00945575	0,011564061	0,009036247	0,015588132	0,010734595	0,012155625	0,014024857	0,011930349	0,011618161	0,005245935	0,00410342	0,005135932	0,004460288	0,00399604	0,00381956
PE 34:2	0,195271032	0,25908885	0,221370358	0,248004996	0,233369018	0,238240726	0,261317257	0,239574728	0,225753188	0,23723089	0,260640103	0,251753988	0,190694371	0,186181403	0,17561203	0,196716524	0,234033124	0,205308949
PE 34:1	0,542558014	0,767366567	0,691429831	0,815829377	0,743305782	0,750151481	0,81157033	0,731672324	0,733541394	0,813667448	0,860689113	0,788460355	0,513162904	0,522670749	0,560401403	0,608574814	0,709843101	0,602653381
PE 34:0	0	0	0	0	0	0	0	0	0	0,000478834	0	0,00015981	0	0	0	0	0	0
PE 36:5	0,075566639	0,099251226	0,098970074	0,106358167	0,101029149	0,104592865	0,099750752	0,094831784	0,097285425	0,102874279	0,106841667	0,100626529	0,081149427	0,082306623	0,084389044	0,086506224	0,102543018	0,082038082
PE 36:4	0,20001931	0,273428093	0,269082009	0,307256327	0,29520374	0,309154521	0,342492583	0,317205499	0,355263194	0,367749052	0,4042975	0,371697221	0,261635	0,265348901	0,311716726	0,32020225	0,378108293	0,32552345
PE 36:3	0,185795496	0,243037306	0,227213313	0,252129285	0,244801631	0,246980569	0,318104478	0,2831795	0,288778997	0,303631574	0,336190038	0,317509078	0,211644653	0,21989385	0,232774771	0,24699196	0,289166375	0,256309276
PE 36:2	1,329632068	1,836137996	1,631535961	1,892006178	1,769994062	1,766646772	2,003084333	1,765372165	1,807888412	1,947037823	2,111299822	1,931967887	1,279532758	1,312661372	1,373574822	1,471835501	1,696514194	1,466712209
PE 36:1	0,504914272	0,750325157	0,648378422	0,802922832	0,734427549	0,759459846	0,821034622	0,696750519	0,724267352	0,805009546	0,88119763	0,813844777	0,47730948	0,509783408	0,544636467	0,592859617	0,665927826	0,586772341
PE 38:6	0,232105915	0,303502025	0,300341761	0,318462115	0,295416081	0,301201586	0,304037018	0,28784139	0,296844521	0,305682039	0,3203432	0,307115096	0,232690637	0,225721572	0,24063949	0,242560465	0,272509923	0,246402149
PE 38:5	0,910466726	1,209332935	1,181759113	1,311070308	1,242364594	1,274875362	1,435979727	1,319227399	1,438064745	1,501559255	1,587856362	1,48939368	1,063164505	1,086917058	1,197345115	1,232579811	1,396895308	1,220513755
PE 38:4	1,133532098	1,585298285	1,554878028	1,788810771	1,725867439	1,751483605	2,079324505	1,841435605	2,069683557	2,200057084	2,373654559	2,227226597	1,443998807	1,494543555	1,728282309	1,792803386	2,054422159	1,791011272
PE 38:2	0,07221449	0,109373361	0,089311523	0,099929631	0,097864044	0,098516478	0,103595918	0,094918689	0,093062154	0,097893713	0,113296182	0,097975962	0,06176805	0,06815967	0,070992019	0,074608286	0,084448593	0,078003199
PE 38:1	0	0	0	0	0	0	0	0	0	0	0,003403616	0,005023757	0	0	0	0	0	0
PE 40:8	0	0	0,000168115	0	0	0,000257925	0,001080126	0,000188716	0,001336936	0,000245011	0,000474344	0,000117259	0	0	0	0,000319482	0	0,000648652
PE 40:7	0,146398076	0,192227481	0,169607425	0,197871007	0,176473194	0,1820543	0,200679805	0,192981745	0,176936782	0,186579775	0,197934672	0,20468787	0,123825883	0,1166009	0,123619378	0,135238893	0,135252589	0,136540813
PE 40:6	0,332017836	0,45937257	0,374651521	0,422223929	0,429111851	0,452716318	0,487562532	0,446531813	0,416280223	0,429491147	0,518676828	0,479648358	0,319731157	0,325172715	0,315439973	0,326032734	0,397310804	0,376781367
PE 40:5	0,257558098	0,378302693	0,298821978	0,326531861	0,356224761	0,372702706	0,449480898	0,402112223	0,383378367	0,389532805	0,488300198	0,458775971	0,291376117	0,301069848	0,304812253	0,308694295	0,40103178	0,361184141
PE 40:4	0	0	0	0	0	0	0	0	0	0	0	0,000174308	0	0	0	0	0	0
PE 40:3	0,001712265	0,001192343	0,002466702	0,002610307	0,004699202	0,002398747	0,008039735	0,003970923	0,002780617	0,005917269	0,005002901	0,006078656	0,000650194	0,001054509	0,000412088	0	0	0,00048586
PE 40:2	0,008367804	0,012243595	0,007998086	0,017990793	0,01612393	0,015148832	0,012674147	0,01118076	0,01195042	0,019253496	0,014124089	0,016876754	0,002449462	0,002849812	0,001884448	0,00423401	0,001306621	0,001668729
PE 40:1	0	0	0	0	0	0	0	0	0	0	0	0	0	0	0	0	0	0
PE 42:7	0,006741663	0,007018227	0,005841486	0,005591405	0,007185368	0,007393025	0,008290344	0,007000647	0,00213021	0,002332863	0,007644583	0,005756467	0,002661998	0,003699462	0,000961406	0,000707499	0	0,002001041
PE 42:6	0	0,002077459	0,000934144	0,000174894	0,000697621	0,003274262	0,005651271	0,001379899	0	0,000716841	0,003009227	0,002391282	0	0	0	0	0	0
PE 42:3	0	0,000183636	0	0	0	0	0,000126204	0,000426834	0	0,000188961	0	0	0	0	0	0	0	0
PE 42:2	0,000525666	0,001085741	0,000672194	0,000983501	0,001168049	0,000594387	0,000986725	0	0,000535376	0,000795818	0,000554908	0,001037501	0,000180382	0	0	0	0	0
PE 42:1	0	0,000148563	0	0	0,000183013	0	0,000616808	0	0	0,000124229	0	0,000153666	0	0	0	0	0,000340803	0
PG 34:3	0	0	0	0	0	0	0	0	0	0	0	0	0	0	0	0	0	0
PG 34:2	0,007086721	0,008871644	0,007783548	0,008817874	0,008348518	0,00867454	0,009596696	0,007089172	0,008281657	0,011514391	0,009387472	0,010852292	0,006692055	0,007214008	0,00677053	0,005972435	0,006092235	0,00576988
PG 34:1	0,046388754	0,057180908	0,05911666	0,059988772	0,060461201	0,058886699	0,068963337	0,048316291	0,068618077	0,10028156	0,081944307	0,094514071	0,057467552	0,055172941	0,067776739	0,060077511	0,080984339	0,06568999
PG 36:5	0	0	0	0	0	0	0	0	0	0	0	0	0	0	0	0	0	0
PG 36:4	0,00150395	0,002620939	0,001849164	0,001908779	0,0026251	0,002725072	0,004318254	0,003452897	0,003376512	0,005373718	0,004480778	0,005780517	0,003362117	0,003278056	0,003112881	0,001255365	0,002713436	0,002575457
PG 36:3	0,000934007	0,00097895	0,000681251	0,000653068	0,001464943	0,000999216	0,001344429	0,001273438	0,001232342	0,00169912	0,001167089	0,001849672	0,000463864	0,000776803	0,000240723	0,000165108	0,000374479	0,000443101
PG 36:2	0	0	0	0	0	0	0	0	0	0,000936246	0	0,002348986	0	0,000727074	0	0	0,002531053	0,001646576
PG 36:1	0,001610687	0	0,002117612	0	0	0	0	0	0	0,008130274	0,001166638	0,006450827	0,003820802	0,001662878	0,004402255	0	0,006771106	0,00273429
PG 38:7	0	0	0	0	0	0	0	0	0	0	0	0	0	0	0	0	0	0
PG 38:6	0,001204797	0,001031891	0,000648012	0,000650503	0,00097821	0,000481636	0,000835806	0,000196067	0,000156676	0,001529939	0,00099784	0,000848127	0,00027018	0,000851912	0	0	0	0,000427578
PG 38:5	0	0	0	0	0	0	0,000380026	0,000110719	0	0,000284824	0	0,000288755	0	0	0	0	0	0
PG 38:4	0	0,000181863	0	0	0,000101352	0	0,000544018	0	0,000162165	0,0002797	0,00016255	0	0	0	0	0	0,000392778	0
PG 38:3	0,000147414	0	0,000169723	0	0,000143199	0	0	0	0	0	0	0,00022111	0	0,000114988	0,00018438	0	0	0
PG 38:2	0	0,000111698	0	0	0	0	0	0	0	0	0,000110502	0	0	0	0	0	0	0
PG 40:8	0,000687863	0,001180124	0,00018446	0,000292937	0,000706	0,000935353	0,001548372	0,000492839	0,00053288	0,001141753	0,00062906	0,001134829	0,000739662	0,000248778	0,000257494	0	0	0,000662218
PG 40:7	0,013889387	0,019107253	0,011752314	0,011743167	0,01380181	0,013373953	0,013304166	0,008349832	0,008581586	0,014123727	0,012878326	0,013017239	0,006759201	0,005583788	0	0	0,002773989	0
PG 40:6	0	0,00084036	0,000587705	0	0,001234418	0,000498603	0,000746226	0,000728461	0,000459595	0,002493207	0,002140144	0,001950763	0,000181759	0	0	0	0	0
PG 40:2	0	0	0	0	0	0	0	0	0	0	0	0	0	0	0	0	0	0
PG 42:10	0,000884002	0,00095635	0,000554778	0,000343592	0,001194847	0,000752225	0,002763629	0,001953364	0,002303673	0,003641186	0,003078912	0,003364416	0,001358264	0,000763313	0,000817947	0,000295217	0,000350592	0,000494196
PG 42:9	0	0	0	0	0	0	0	0	0	0	0	0	0	0	0	0	0	0
PG 42:8	0	0	0	0	0	0	0	0	0	0	0	0	0	0	0	0	0	0
PG 42:6	0	0	0	0	0	0	0	0	0	0	0,000362713	0	0	0,000125601	0	0	0	0
PG 44:12	0,029398521	0,035491684	0,031932289	0,030227454	0,032737605	0,034035955	0,038820091	0,032058143	0,033888675	0,039223611	0,038269413	0,038511349	0,036210221	0,03289321	0,031674618	0,026763584	0,035044016	0,030097527
PG 44:11	0,005112363	0,00593926	0,005898815	0,005827238	0,007528683	0,006921643	0,012449105	0,009846515	0,011644431	0,015648395	0,015075849	0,013623088	0,007781749	0,007725035	0,010350336	0,007541148	0,01201374	0,009127812
PG 44:10	0	0	0	0	0	0	0,002242634	0,000651803	0,0016353	0,002415919	0,002040687	0,003027021	0	0	0	0	0	0
PI 30:0	0,000225428	0,000303724	0,000243979	0,000250681	0,000241622	0,000210553	0,000105911	0	0,00016903	0	0	0,000150287	0	0	0	0	0	0
PI 32:2	0,000531056	0,000239089	0,000207492	0,00037493	0,000157952	0,000281288	0,000124876	0	0,000319315	0,000318372	0,000259054	0,000365109	0	0,000125264	0	0,000130002	0,00020136	0,000119433
PI 32:1	0,020538619	0,025644482	0,025110348	0,029774315	0,025937454	0,022709753	0,022716133	0,020683609	0,023045035	0,031091798	0,023782251	0,024379464	0,021776463	0,022299931	0,025411675	0,022958599	0,022105703	0,01832893
PI 32:0	0,019610821	0,025730826	0,026921537	0,032954962	0,029751753	0,025514297	0,026493236	0,022429358	0,028460387	0,04025754	0,03390484	0,033042269	0,020655447	0,021294661	0,029528753	0,027493671	0,027240109	0,022001383
PI 34:3	0,002522437	0,002033075	0,001965558	0,001959198	0,002543998	0,001437841	0,002281162	0,001779199	0,00184949	0,003456227	0,001238678	0,001506354	0,002742753	0,002795898	0,001701157	0,001026256	0	0,000596767
PI 34:2	0,042137743	0,052893103	0,049094946	0,057294279	0,050836328	0,044041059	0,045774297	0,043059417	0,047505377	0,065794231	0,052033802	0,049826528	0,04328458	0,04486893	0,05150144	0,047447763	0,043030983	0,038511993
PI 34:1	0,221219725	0,284443731	0,287158676	0,357785647	0,299654269	0,255149316	0,279449544	0,248509344	0,315312873	0,464054654	0,340568787	0,330098712	0,224360916	0,233450014	0,316312654	0,290765486	0,261158689	0,221053975
PI 34:0	0,056736652	0,077139654	0,080578825	0,101670139	0,089777654	0,077166832	0,105145447	0,087587847	0,124870046	0,190945907	0,14853091	0,136657555	0,071463344	0,07924069	0,12154867	0,110298546	0,103213309	0,085039038
PI 36:5	0,008616961	0,009632928	0,009881585	0,011645617	0,010228672	0,008200975	0,007872493	0,008299826	0,009644645	0,013844261	0,008507911	0,008753359	0,009648849	0,009975543	0,011242965	0,009098912	0,003109842	0,006921733
PI 36:4	0,059432899	0,074814396	0,070322177	0,084856301	0,08492354	0,073564394	0,072695022	0,073129293	0,083868951	0,12474321	0,100062335	0,099583516	0,074194752	0,077829565	0,102517159	0,096136655	0,088479711	0,07658935
PI 36:3	0,018699233	0,021364448	0,021027045	0,025804435	0,02357865	0,018917714	0,027656658	0,025844871	0,028452434	0,043360786	0,03135884	0,028296103	0,023035094	0,021135403	0,028284206	0,0245633	0,021390462	0,020215755
PI 36:2	0,172609896	0,220811177	0,202436292	0,253881442	0,224134117	0,193151881	0,212909172	0,188736936	0,221533932	0,333841717	0,256554501	0,246869466	0,167078162	0,178172542	0,223366313	0,209345689	0,190372557	0,166071685
PI 36:1	0,144677376	0,195800104	0,182553827	0,247693291	0,243560709	0,210977142	0,229102725	0,193194959	0,253019175	0,388839364	0,34771213	0,326424483	0,147920096	0,158892916	0,219304399	0,213344441	0,231295304	0,187889694
PI 38:7	0,000332948	0	0	0,000104257	0,000237503	0	0	0,000224995	0,00013324	0,000177275	0	0	0,000479022	0,000250537	0,000139571	0	0	0
PI 38:6	0,016617394	0,019981696	0,017797849	0,02200215	0,018043782	0,016336117	0,015200754	0,015347435	0,015805395	0,024228754	0,017292099	0,016339443	0,016265256	0,017213264	0,01818172	0,017649062	0,012927571	0,012237385
PI 38:5	0,1393339	0,176136625	0,152575822	0,184256014	0,164795773	0,147640687	0,1507106	0,151153695	0,16441458	0,248168606	0,184158331	0,18127139	0,147533029	0,156081362	0,183455697	0,171908073	0,145780078	0,136203274
PI 38:4	0,471842803	0,643518965	0,555043569	0,740352135	0,761715688	0,671058178	0,791211302	0,731946217	0,862042927	1,355032471	1,180026303	1,141840859	0,627755269	0,677277215	0,878290231	0,841475206	0,877559416	0,741900449
PI 38:2	0,013676012	0,019890433	0,015920119	0,019590523	0,018095074	0,015562927	0,012467624	0,010618488	0,01360804	0,020348662	0,016527208	0,016432659	0,008351713	0,008841086	0,011227197	0,010181618	0,010504897	0,009812887
PI 38:1	0,001144185	0,000827931	0,00062186	0,000736917	0,002159835	0,000899481	0	0	0	0,000950314	0	0,000564708	0	0	0	0	0	0
PI 40:8	0,000563813	0,000142832	0,000350415	0	0,00015412	0	0	0,000276922	0,000327464	0,00083059	0,000109785	0	0,000178499	0,0003452	0,000143582	0	0	0
PI 40:7	0,010351144	0,010981457	0,009967481	0,010593878	0,012828495	0,009245285	0,007942977	0,00949729	0,010424519	0,018580551	0,012882701	0,011073335	0,013682889	0,012156704	0,016047606	0,010407116	0,006426852	0,009138814
PI 40:6	0,027804059	0,035366245	0,028389039	0,03542736	0,033003728	0,029259963	0,028070846	0,024591397	0,025974414	0,03923055	0,032771006	0,030714218	0,022499632	0,023714204	0,024418882	0,025359026	0,025921137	0,021389495
PI 40:5	0,04553141	0,058454667	0,047419931	0,061769077	0,062557474	0,053860932	0,058426719	0,052895412	0,059154625	0,09256011	0,079723134	0,07491412	0,044095043	0,046673597	0,056137655	0,054234582	0,056775303	0,049659882
PI 40:4	0,01525809	0,023010944	0,021933664	0,031415304	0,026571157	0,023688612	0,026898982	0,023076901	0,032805657	0,053343144	0,040714134	0,040459009	0,018095658	0,019353925	0,029139264	0,029681433	0,029097491	0,025539805
PI 40:3	0	0,01020917	0,006215615	0,003276121	0,004934485	0,008317101	0,000879902	0,002443562	0	0	0,000433788	0	0	0	0	0	0	0
PI 42:9	0	0	0	0	0	0	0,000119276	0	0	0	0,000148251	0,000130006	0	0	0	0	0	0
PI 42:7	0	0	0	0	0	0	0	0	0	0	0	0	0	0	0	0	0	0
PI 42:5	0	0	0	0	0	0	0	0	0	0	0	0	0	0	0	0	0	0
PI 44:10	0	0	0	0	0	0	0	0	0	0	0	0	0	0	0	0	0	0
PS 30:0	0	0	0	0	0	0	0	0	0	0,000100801	0	0	0	0	0	0	0	0
PS 32:1	0,005651776	0,005268619	0,006207825	0,005903594	0,005567559	0,004754446	0,006337025	0,006048831	0,00569081	0,010092031	0,005466434	0,005809684	0,00714104	0,00740738	0,007942395	0,005789591	0,004726136	0,005881118
PS 34:3	0	0	0	0	0	0	0	0	0	0	0	0	0	0	0	0	0	0
PS 34:2	0,010516221	0,011625993	0,011041473	0,012959103	0,011311334	0,010342464	0,012692805	0,011559707	0,012319139	0,018068265	0,013095484	0,012592817	0,012295446	0,013181854	0,013564117	0,013913837	0,012630877	0,011098931
PS 34:1	0,081809767	0,096652397	0,086671497	0,114059461	0,094241058	0,089091482	0,117322656	0,101449193	0,116428682	0,177058633	0,132163065	0,130690646	0,098540465	0,108357298	0,115975996	0,112970649	0,116334054	0,097205327
PS 36:4	0,005410635	0,003035918	0,004301899	0,005325017	0,006677235	0,003334962	0,004294903	0,00551798	0,006516872	0,012367144	0,006343458	0,005632896	0,00828551	0,008371139	0,010092234	0,00587132	0,004150689	0,005590208
PS 36:3	0,007929921	0,009319942	0,008592593	0,011078959	0,009160813	0,008515207	0,011623011	0,010310996	0,012796651	0,017434696	0,014151392	0,013690825	0,010220228	0,010881368	0,012888865	0,011430307	0,011345067	0,010616366
PS 36:2	0,103631987	0,122180951	0,1086505	0,138230147	0,117612319	0,109890418	0,144028861	0,123617511	0,147037785	0,215325576	0,164707715	0,159793002	0,116648806	0,125537514	0,139015772	0,133419224	0,141222586	0,115376294
PS 36:1	0,306577666	0,396669506	0,336300463	0,452903467	0,385342807	0,356361372	0,489212976	0,377192025	0,46905474	0,712386115	0,574455474	0,545945175	0,335739364	0,364225531	0,422242638	0,400789803	0,456446595	0,351438417
PS 38:6	0,002668274	0,001743056	0,002006101	0,0015424	0,001607074	0,001533427	0,000988647	0,00110523	0,000858612	0,003408733	0,000826276	0,001412127	0,00207076	0,002363098	0,002422145	0,001100445	0,000821303	0,000718139
PS 38:5	0,007144622	0,0052741	0,006399725	0,006781844	0,008186805	0,005709413	0,008756812	0,008878306	0,012167236	0,020009678	0,014055417	0,011172287	0,012162422	0,01235773	0,016869688	0,013349445	0,012621295	0,011320407
PS 38:4	0,029969499	0,029947917	0,03094151	0,037221367	0,039331906	0,030932641	0,047561343	0,043181221	0,056234656	0,088284142	0,067374265	0,061480907	0,048343913	0,049932424	0,065077995	0,054103527	0,05902647	0,047410669
PS 38:3	0,032687051	0,040819453	0,039113637	0,050853745	0,045180715	0,042697477	0,065420443	0,051946444	0,06668369	0,098280473	0,08131533	0,078225987	0,047542408	0,052156329	0,062377868	0,060451155	0,068431076	0,056076475
PS 38:1	0,012087011	0,016753465	0,015752017	0,021886515	0,019678354	0,017827285	0,021311106	0,016738011	0,022902954	0,033001269	0,028898062	0,026851861	0,015358725	0,015609396	0,021473387	0,022319421	0,023722893	0,021263751
PS 40:6	0,070225323	0,081851709	0,069017831	0,087478901	0,078523846	0,07344612	0,096167341	0,077841052	0,090388885	0,133184347	0,111335054	0,10244712	0,075589861	0,082815068	0,085654842	0,077804366	0,090712086	0,073318959
PS 40:5	0,02586814	0,031185384	0,020111033	0,022844963	0,034198287	0,030274667	0,056689386	0,040540507	0,041712654	0,067366383	0,065708744	0,054137969	0,042938585	0,048450736	0,044132877	0,036210693	0,066307103	0,045284654
PS 40:4	0,005637169	0,007141255	0,007963877	0,010564122	0,007578177	0,007028479	0,007677529	0,006572902	0,009065654	0,010826164	0,006592186	0,007316796	0,00749515	0,007103421	0,007398722	0,008805258	0,009249859	0,006993964
PS 40:2	0,016518121	0,022040283	0,019590008	0,029559797	0,022977862	0,020956309	0,024619832	0,020609513	0,0288222	0,042267232	0,033442314	0,030053341	0,017628296	0,018545949	0,025138083	0,025843593	0,024545221	0,022172376
PS 40:1	0,009372588	0,013591142	0,011780363	0,017077228	0,015282307	0,013383838	0,014249761	0,012050526	0,015417831	0,021484048	0,020098632	0,017400342	0,010832572	0,011535588	0,014517566	0,015827226	0,014849382	0,015246643
PS 42:2	0,003786814	0,005018683	0,004529897	0,007063937	0,005135327	0,004966488	0,006502065	0,003740269	0,005780672	0,009372575	0,007491379	0,006210976	0,002947595	0,00378328	0,005087192	0,003405138	0,00099159	0,00277339
PS 42:1	0,000128428	0,000598879	0,000200059	0	0,000955598	0,000307145	0,000578658	0,000156289	0,000247554	0,000895313	0,000287483	0,000653458	0	0,000186265	0	0	0	0
"CerP 32:1;2"	0	0	0	0	0	0	0	0	0	0	0	0	0	0	0	0	0	0
"CerP 34:2;2"	0	0	0	0	0	0	0	0	0	0	0	0	0	0	0	0	0	0
"CerP 34:1;2"	0,000371759	0,000782434	0,000310013	0,000840811	0,000656823	0,000381107	0,001249606	0,000715	0,00144567	0,002922383	0,00137013	0,001416724	0,000392952	0,000542113	0,000558411	0,00087592	0,000688976	0,000528214
"CerP 34:0;2"	0	0	0	0	0	0	0	0	0	0	0	0	0	0	0	0	0	0
"CerP 40:1;2"	0	0	0	0	0	0	0	0	0	0	0	0	0	0	0	0	0	0
"CerP 40:0;2"	0	0	0	0	0	0	0	0	0	0,000156609	0	0	0	0	0	0	0	0
"CerP 42:2;2"	0	0	0	0	0	0	0	0	0	0,00019418	0	0	0	0	0	0	0	0
"CerP 42:1;2"	0	0	0	0	0	0	0	0	0	0	0	0	0	0	0	0	0	0
"CerP 42:0;2"	0	0	0	0	0	0	0	0	0	0,000931461	0	0	0	0	0	0	0	0
"CerP 44:1;2"	0	0	0	0	0	0	0	0	0	0	0	0	0	0	0	0	0	0
"CerP 44:0;2"	0	0	0	0	0	0	0	0	0	0	0	0	0	0	0	0	0	0
CL 66:5	0	0,003995033	0,007108725	0,002236915	0,002423174	0	0,003749894	0,000821311	0,006657762	0,000706702	0,024962136	0,001441514	0,001749312	0,008173657	0,006311541	0,00731723	0,013701625	0,001712599
CL 66:4	0,016863529	0,017144956	0,008428292	0,00825625	0,017159583	0,012764871	0,013348435	0,005484803	0,001986094	0,005430589	0,00300424	0,006781297	0,005425012	0	0,003456093	0	0	0,001131123
CL 68:5	0,014359113	0,003595943	0,008576735	0,008436273	0,000797184	0	0,015648319	0,011722216	0	0,00445895	0,009282001	0	0,017981137	0,035668868	0	0,006321221	0,017539931	0
CL 68:4	0,209586772	0,23100311	0,202878858	0,17284376	0,186999301	0,186692976	0,13951841	0,14586682	0,159386486	0,149311932	0,139954442	0,154990081	0,130701604	0,155413336	0,096451781	0,07715633	0,091465086	0,092834482
CL 70:6	0,307766456	0,327035837	0,321749054	0,282936499	0,287561072	0,267642691	0,231896483	0,271170344	0,266157968	0,249085828	0,252980154	0,250495197	0,33194982	0,288929989	0,302189127	0,243450008	0,285736239	0,274073904
CL 70:5	0,10518154	0,077293957	0,074988666	0,100609528	0,091485239	0,093692846	0,073179704	0,060800206	0,100468407	0,040837606	0,053126791	0,074977008	0,09320789	0,060999917	0,049413964	0,08310166	0,066997215	0,082513952
CL 70:4	0,039716484	0,030394334	0,01066257	0,033042799	0,0398419	0,039068209	0	0,012904349	0,042304428	0	0,0195613	0	0,016185289	0,014221319	0	0,059683582	0,039284125	0,033841954
CL 72:7	0,031381986	0,035256041	0,038124958	0,031074351	0,055297685	0,022024491	0,025373792	0,059590215	0,021778738	0,058940051	0,037088984	0,029453346	0,094809134	0,063680484	0,044689694	0,044628827	0,01978302	0,053192479
CL 72:6	0,62447432	0,653530825	0,696775786	0,623137283	0,648066428	0,644353904	0,581009279	0,610378752	0,689096498	0,675028295	0,629792469	0,672566013	0,829948584	0,765216514	0,819030379	0,744869081	0,798312052	0,764263218
CL 72:5	0,161221519	0,173288833	0,202105479	0,151411984	0,159968309	0,171566684	0,152630158	0,160004799	0,185567868	0,178215621	0,182355541	0,167101231	0,224968328	0,210128412	0,23119421	0,198865844	0,257030062	0,185894172
LPG O-	0	0	0,000261114	0	0	0	0	0	0	0	0	0	0	0	0,000392071	0	0,000871929	0
LPG	0,001505952	0,001641702	0,001528235	0,001450097	0,001655252	0,001506241	0,00108695	0,001161712	0,000676462	0,000797585	0,000531177	0,001219686	0,001009774	0,000790007	0,000340729	0,000657319	0,000466709	0,001082562
LPI O-	0	0	0,00011731	0	0	0	0	0	0	0	0,000301767	0	0	0	0	0	0,000714215	0
LPI	0,127317734	0,074927851	0,096498139	0,120776226	0,1010743	0,101143591	0,134464087	0,064858966	0,068510982	0,06028851	0,057687697	0,079600087	0,063348604	0,050221033	0,042552798	0,148171236	0,098282375	0,138706687
LPS	0,008311954	0,014462633	0,013988504	0,025730402	0,014955145	0,024831143	0,014336364	0,025955081	0,018331648	0,013201411	0,014472792	0,041776163	0,033424445	0,018118753	0,025392773	0,062373958	0,048909229	0,071004506
LPA	0,00292074	0,005049465	0,005583461	0,010340546	0,004526392	0,005776828	0,005466262	0,008265786	0,008971843	0,010294586	0,005652351	0,013268465	0,009247254	0,008162838	0,011104286	0,024453809	0,013446495	0,014259267
LPC O-	0,014339069	0,012490162	0,01815946	0,024736044	0,022099569	0,022168574	0,011377452	0,011999107	0,017410019	0,021883727	0,02226535	0,016322997	0,01558329	0,018151123	0,013052497	0,014213186	0,010739048	0,014039749
LPC	0,074437313	0,07873842	0,09740226	0,119616024	0,11399778	0,11365658	0,093644607	0,09967761	0,115309321	0,130917496	0,127621581	0,127736843	0,12024012	0,119613166	0,15566495	0,165212883	0,157874998	0,15664861
LPE O-	0,013042134	0,013032954	0,016711875	0,019178115	0,016532339	0,016356689	0,014128076	0,011021386	0,014756894	0,019962105	0,018902438	0,018857463	0,011054223	0,012108981	0,010707229	0,014842683	0,010712642	0,013852024
LPE	0,141937931	0,182235654	0,25149981	0,291940963	0,281692634	0,271435836	0,206363586	0,235919658	0,276738222	0,275880915	0,280644863	0,297105588	0,321583967	0,299903263	0,462245187	0,451826555	0,456095648	0,438247469
GM3	0,57057757	0,691770962	0,753806059	0,778242353	0,578266484	0,630617081	0,548466284	0,740474582	0,77142326	0,752760711	0,69321864	0,742975568	0,666189494	0,71694628	0,962323242	0,868530791	0,595189803	0,770014652
Chol	25,63328865	18,36359704	18,56319196	18,89500522	17,83751241	18,33572274	17,85546427	18,07843656	16,89573392	16,93344394	17,26108692	18,09897862	20,37782541	22,61377339	19,38710292	20,67115313	19,57909197	20,11516165
SM	4,390456627	4,717452863	4,200962385	4,945616279	4,792579098	4,694143024	4,389330116	4,679975997	4,075696247	5,175319088	4,308741567	4,456496165	4,853944756	4,622794742	4,155693812	5,337243332	4,654381916	5,088499558
PC	44,93456939	46,14790545	47,16815706	43,43767139	46,99939346	46,06012567	46,81642319	47,66164568	46,71745559	43,42423944	44,01827956	44,06172359	48,96790727	46,62853397	47,59531181	45,01901195	45,39630859	47,00447097
PC O-	3,606173885	3,937705893	3,860968777	3,727359283	3,37090875	3,473096509	3,247131052	3,374009527	3,547638576	3,398765253	2,931362935	3,033132756	3,396111796	3,29833734	3,364600626	3,346338197	2,829777715	2,69709612
HexCer	0,20857211	0,183116268	0,092407341	0,096121705	0,108882938	0,218055633	0,115585529	0,096662207	0,077779536	0,062235163	0,087186594	0,074126472	0,139640086	0,171664531	0,086136655	0,087850963	0,082066235	0,09988409
CE	3,884944372	4,130613821	5,170462649	5,25287897	5,02498858	5,22007406	3,871392538	4,085534927	4,923958929	4,655488676	5,014745533	5,311561821	4,20190111	4,188243548	5,023847442	4,862307953	5,275537013	5,08674267
DAG	1,138184079	1,188741675	1,070198256	1,108834963	0,861719999	1,031107421	0,73215264	0,803717158	0,772526651	0,766772779	0,84006098	0,67397635	0,921170143	0,915779553	0,852148958	0,839019571	0,819567583	0,814271221
Cer	0,423844538	0,453960965	0,465780673	0,41179362	0,371019214	0,434881157	0,356309501	0,392393518	0,364654914	0,332689277	0,379892299	0,346913444	0,369830118	0,347022607	0,354784249	0,324495825	0,330406364	0,379517943
diHexCer	0,039845433	0,03593732	0,042281432	0,042862065	0,051884649	0,046719925	0,043063249	0,046158743	0,047101904	0,04254801	0,042067906	0,050352511	0,049823654	0,046067458	0,045464501	0,035052404	0,049362411	0,048236164
triHexCer	0,275809719	0,281613521	0,273539533	0,282878286	0,203017424	0,257238782	0,199837313	0,256048189	0,24444679	0,171410897	0,118842573	0,243976996	0,124238889	0,162212847	0,152481079	0,128750187	0,172144645	0,125625454
PA	0,097064552	0,078788492	0,087006158	0,083889749	0,090570441	0,068949926	0,103008502	0,080289238	0,08106567	0,118395354	0,095186558	0,09310168	0,087423829	0,09857204	0,084276637	0,054870382	0,055509473	0,05406489
PA O-	0,000322612	0,000105688	0,000108395	0	0	0	0	0	0	0,0001012	0	0	0	0	0	0	0	0
PE O-	4,328382374	6,226111211	5,580024567	6,405158844	5,853523715	5,92720081	6,720148231	6,099326059	6,674181082	6,984276628	7,193422502	6,605141711	4,187617756	4,389076052	4,775749317	5,038008352	5,44247777	4,695275472
PE	6,216743693	8,602095411	7,871459165	9,033835488	8,578643631	8,740173131	9,865068517	8,838106473	9,227039228	9,828176754	10,703346	9,983438389	6,631579919	6,799003666	7,339969956	7,720364828	8,904760075	7,814635726
PG	0,108848467	0,134492924	0,12327633	0,120453385	0,131325885	0,128284895	0,157856789	0,114519542	0,140873569	0,208717571	0,17389228	0,197783061	0,125107425	0,117138385	0,125587903	0,102070368	0,150041763	0,119668625
PI	1,510014603	1,9893717	1,813737649	2,315468971	2,190423831	1,907192329	2,124255655	1,935326971	2,322741549	3,553999095	2,90930078	2,799692953	1,705096467	1,81198845	2,347900797	2,213505437	2,156590773	1,849221728
PS	0,737621011	0,900718653	0,789172308	1,033334566	0,908549383	0,831353639	1,136035161	0,91905651	1,120127277	1,691213616	1,347808166	1,271518216	0,871781144	0,942801369	1,071872382	1,003405	1,118134281	0,89978609
CerP	0,000371759	0,000782434	0,000310013	0,000840811	0,000656823	0,000381107	0,001249606	0,000715	0,00144567	0,004204633	0,00137013	0,001416724	0,000392952	0,000542113	0,000558411	0,00087592	0,000688976	0,000528214
CL	1,51055172	1,552538869	1,571399123	1,413985642	1,489599875	1,437806672	1,236354474	1,338743814	1,47340425	1,362015575	1,352108058	1,357805687	1,746926109	1,602432495	1,552736788	1,465393781	1,589849355	1,489457884
